2 16 2 -231656464 32605 13.2746
2 16 4 11314 2164 15.0169
2 16 8 11314 2164 19.59
2 16 16 11314 2164 26.6322
2 16 32 11314 2164 31.4563
2 16 64 11314 2164 35.8229
2 16 128 11314 2164 49.2023
2 16 256 11314 2164 64.6069
2 16 512 11314 2164 93.853
2 16 1024 11314 2164 154.202
2 16 2 0 0 13.5136
2 16 4 11314 2164 14.5213
2 16 8 11314 2164 20.1468
2 16 16 11314 2164 23.4124
2 16 32 11314 2164 33.6494
2 16 64 11314 2164 40.0147
2 16 128 11314 2164 47.4749
2 16 256 11314 2164 62.682
2 16 512 11314 2164 92.6521
2 16 1024 11314 2164 154.448
2 16 2 -829541120 32636 14.307
2 16 4 11314 2164 13.9791
2 16 8 11314 2164 22.8008
2 16 16 11314 2164 28.563
2 16 32 11314 2164 34.3863
2 16 64 11314 2164 38.1942
2 16 128 11314 2164 55.0849
2 16 256 11314 2164 68.0613
2 16 512 11314 2164 94.6284
2 16 1024 11314 2164 147.748
