8 2 10 11314 100 35.2827
8 2 4 11314 100 35.3171
8 10 4 11314 100 89.7817
8 2 4 11314 1000 23.1925
8 2 10 11314 1000 23.4554
0.5 16 5 11314 1000 213.999
4 16 128 11314 1000 103.491
4 2 60 11314 1000 34.8648
4 10 60 11314 1000 95.4542
8 2 10 11314 20 35.223
4 16 128 11314 20 108.738
0.5 16 128 11314 20 559.85
0.5 16 128 11314 10 609.201
4 1 4 11314 2 18.3099
8 2 10 11314 10 36.9452
2 2 10 11314 10 36.6621
2 2 128 11314 10 37.5855
2 2 128 11314 2 35.6961
2 1 128 11314 2 18.6918
0.5 1 128 11314 2 41.5768
0.2 5 32 11314 2 212.07
0.2 5 128 11314 2 215.76
0.2 10 256 11314 2 471.366
4 16 128 150 4 0.038728
4 16 128 150 4 0.039441
