0,2;149,1;127,1;
0,3;0,2;138,1;
0,4;0,3;70,1;
1,5;0,4;126,1;
0,6;1,5;123,1;
1,7;0,6;83,1;
0,8;1,7;142,1;
1,9;0,8;101,1;
2,10;1,9;133,1;
3,11;2,10;63,1;
0,12;3,11;146,1;
1,13;0,12;72,1;
2,14;1,13;78,1;
3,15;2,14;91,1;
4,16;3,15;73,1;
5,17;4,16;54,1;
0,18;5,17;56,1;
1,19;0,18;51,1;
2,20;1,19;77,1;
3,21;2,20;111,1;
4,22;3,21;147,1;
5,23;4,22;110,1;
6,24;5,23;86,1;
7,25;6,24;58,1;
0,26;7,25;76,1;
1,27;0,26;75,1;
2,28;1,27;97,1;
3,29;2,28;74,1;
4,30;3,29;85,1;
5,31;4,30;65,1;
6,32;5,31;52,1;
7,33;6,32;61,1;
8,34;7,33;55,1;
9,35;8,34;66,1;
10,36;9,35;68,1;
11,37;10,36;87,1;
12,38;11,37;119,1;
0,39;12,38;121,1;
1,40;0,39;113,1;
2,41;1,40;96,1;
3,42;2,41;71,1;
4,43;3,42;95,1;
5,44;4,43;84,1;
6,45;5,44;99,1;
7,46;6,45;94,1;
8,47;7,46;90,1;
9,48;8,47;88,1;
10,49;9,48;92,1;
11,50;10,49;67,1;
12,51;11,50;82,1;
13,52;12,51;89,1;
14,53;13,52;50,1;
15,54;14,53;137,1;
16,55;15,54;116,1;
17,56;16,55;134,1;
18,57;17,56;103,1;
1,2;148,1;136,1;
1,3;1,2;115,1;
2,4;1,3;140,1;
3,5;2,4;144,1;
2,6;3,5;124,1;
3,7;2,6;104,1;
4,8;3,7;120,1;
5,9;4,8;143,1;
6,10;5,9;112,1;
7,11;6,10;139,1;
6,12;7,11;145,1;
7,13;6,12;132,1;
8,14;7,13;128,1;
9,15;8,14;141,1;
10,16;9,15;102,1;
11,17;10,16;100,1;
8,18;11,17;108,1;
9,19;8,18;125,1;
10,20;9,19;129,1;
11,21;10,20;109,1;
12,22;11,21;130,1;
13,23;12,22;107,1;
2,2;135,1;105,1;
2,3;2,2;122,1;
4,4;2,3;118,1;
5,5;4,4;117,1;
4,6;5,5;131,1;
3,2;114,1;106,1;
3,3;3,2;59,1;
6,4;3,3;53,1;
7,5;6,4;69,1;
6,6;7,5;80,1;
7,7;6,6;81,1;
8,8;7,7;64,1;
9,9;8,8;79,1;
10,10;9,9;62,1;
11,11;10,10;60,1;
12,12;11,11;93,1;
13,13;12,12;57,1;
14,14;13,13;98,1;
4,2;49,1;7,1;
4,3;4,2;39,1;
8,4;4,3;0,1;
9,5;8,4;28,1;
8,6;9,5;17,1;
9,7;8,6;27,1;
12,8;9,7;4,1;
13,9;12,8;40,1;
14,10;13,9;37,1;
15,11;14,10;26,1;
16,12;15,11;21,1;
17,13;16,12;11,1;
18,14;17,13;19,1;
19,15;18,14;48,1;
20,16;19,15;46,1;
21,17;20,16;10,1;
15,18;21,17;31,1;
16,19;15,18;43,1;
17,20;16,19;23,1;
18,21;17,20;20,1;
19,22;18,21;36,1;
20,23;19,22;35,1;
21,24;20,23;34,1;
22,25;21,24;9,1;
13,26;22,25;30,1;
14,27;13,26;25,1;
15,28;14,27;29,1;
16,29;15,28;1,1;
17,30;16,29;2,1;
18,31;17,30;6,1;
19,32;18,31;45,1;
20,33;19,32;47,1;
21,34;20,33;12,1;
22,35;21,34;24,1;
23,36;22,35;3,1;
24,37;23,36;44,1;
25,38;24,37;42,1;
20,39;25,38;22,1;
21,40;20,39;16,1;
22,41;21,40;5,1;
23,42;22,41;32,1;
24,43;23,42;38,1;
25,44;24,43;8,1;
26,45;25,44;18,1;
27,46;26,45;13,1;
28,47;27,46;33,1;
5,2;15,1;14,1;
33,48;28,47;41,1;
38,50;33,48;5,2;
26,29;4,6;13,23;
0,71;18,57;14,14;
0,100;26,29;0,71;
0,150;38,50;0,100;
