 0.5 4 5 1000 2 0.081511 0.078515 0.076542 0.086709 0.079803 0.08032 0.079388 0.083524 0.080757 0.083622
0.5 4 5 1500 2 0.149533 0.148942 0.145679 0.147901 0.180993 0.155296 0.156728 0.147509 0.151757 0.147054
0.5 4 5 2000 2 0.221115 0.223427 0.224484 0.224036 0.234829 0.223179 0.295918 0.316148 0.267679 0.297542
0.5 4 5 2500 2 0.397442 0.415941 0.397676 0.415875 0.390293 0.371401 0.332106 0.324486 0.31856 0.339137
0.5 4 5 3000 2 0.439551 0.433478 0.438207 0.425893 0.442031 0.439595 0.461846 0.440277 0.475393 0.43367
0.5 4 5 3500 2 0.583064 0.574749 0.573901 0.568603 0.583645 0.569838 0.749313 0.756779 0.835657 0.743949
0.5 4 5 4000 2 0.891441 0.742624 0.760814 0.740517 0.822101 0.835742 0.828854 0.809427 0.780108 0.722692
0.5 4 5 4500 2 0.91744 0.900727 0.939261 0.93415 0.93924 1.1141 1.1604 1.15847 0.98519 0.897223
0.5 4 5 5000 2 1.10703 1.07557 1.04387 1.09597 1.11632 1.13966 1.10818 1.09092 1.09037 1.09261
0.5 4 5 5500 2 1.33416 1.32745 1.6087 1.64801 1.52889 1.40262 1.51157 1.51865 1.76797 1.89178
0.5 4 5 6000 2 1.71538 1.72308 1.61309 1.61255 1.53324 1.53202 1.61745 1.59452 1.57357 1.59887
0.5 4 5 6500 2 1.83402 2.11621 2.33435 1.89224 1.96014 2.08982 1.88841 1.84947 1.84079 2.14585
0.5 4 5 7000 2 2.64199 2.25665 2.35421 2.69691 2.62176 2.33912 2.17058 2.28513 2.2776 2.23828
0.5 4 5 7500 2 2.67329 2.46492 2.73012 2.59135 2.48705 2.44485 2.5223 2.88867 2.84595 2.53916
0.5 4 5 8000 2 2.89045 2.75797 2.79208 2.7031 2.76578 3.39145 3.03239 3.04674 2.85717 2.86594
0.5 4 5 8500 2 3.55077 3.25627 3.40243 3.0682 3.12671 3.15503 3.26329 3.12886 3.10791 3.14185
0.5 4 5 9000 2 3.52269 4.29119 3.65818 3.65163 3.8158 4.62113 3.70775 3.70521 3.47273 3.49405
0.5 4 5 9500 2 3.86737 4.29219 4.17032 3.82462 4.50625 4.17456 4.01783 4.34451 4.07077 3.88616
0.5 4 128 1000 2 0.106447 0.099302 0.095015 0.10302 0.100021 0.101793 0.097769 0.09576 0.099659 0.100457
0.5 4 128 1500 2 0.177629 0.178985 0.172829 0.180152 0.169776 0.169165 0.164825 0.171186 0.17135 0.174944
0.5 4 128 2000 2 0.314767 0.332915 0.294336 0.293019 0.338704 0.333347 0.326792 0.345379 0.270163 0.318893
0.5 4 128 2500 2 0.36809 0.345439 0.349115 0.349216 0.349321 0.35803 0.354151 0.360423 0.367982 0.38579
0.5 4 128 3000 2 0.521195 0.516407 0.506268 0.53026 0.523354 0.472338 0.482102 0.483003 0.484743 0.477554
0.5 4 128 3500 2 0.60693 0.660822 0.679136 0.671942 0.672937 0.645469 0.594915 0.606547 0.667047 0.596314
0.5 4 128 4000 2 0.783071 0.778232 0.79144 0.801103 0.913137 0.886665 0.989878 0.989236 0.854681 0.844837
0.5 4 128 4500 2 0.99319 1.08254 1.02268 1.09915 0.964606 0.988164 0.98041 0.994139 0.998244 0.979518
0.5 4 128 5000 2 1.41054 1.45458 1.33789 1.22635 1.21408 1.32573 1.31778 1.58191 1.77029 1.37814
0.5 4 128 5500 2 1.5578 1.4758 1.4661 1.56691 1.54191 1.97508 1.99788 1.56757 1.58868 1.43138
0.5 4 128 6000 2 1.70673 1.84089 1.78733 1.73328 1.80947 1.85602 1.6741 1.66102 1.685 1.75196
0.5 4 128 6500 2 2.33594 2.0036 2.02314 2.11177 1.98584 1.98405 2.13045 1.92939 1.98451 1.98527
0.5 4 128 7000 2 2.64675 2.47968 2.23933 2.19959 2.25073 2.49061 2.65498 2.25361 2.15432 2.26922
0.5 4 128 7500 2 2.56774 2.55817 2.61739 3.17062 2.62365 2.78521 2.70891 2.65976 2.71608 2.49059
0.5 4 128 8000 2 2.82284 2.89919 2.91376 3.59325 2.84604 2.8245 2.99374 3.5133 2.93246 2.79062
0.5 4 128 8500 2 3.39677 3.2776 3.28613 4.01413 3.20069 3.29401 3.83015 3.64236 3.56556 3.32565
0.5 4 128 9000 2 3.83476 4.1603 3.94408 3.66656 3.86571 3.75254 4.24274 3.65458 3.67892 3.86224
0.5 4 128 9500 2 4.28038 3.97339 4.36068 4.23973 4.0674 4.58127 4.12691 4.13928 4.09925 4.7785
0.5 16 5 1000 2 0.307492 0.301765 0.297374 0.316154 0.30082 0.300603 0.301741 0.296973 0.301421 0.315391
0.5 16 5 1500 2 0.587275 0.619253 0.58755 0.569922 0.593504 0.595864 0.54989 0.5489 0.541453 0.56399
0.5 16 5 2000 2 0.839944 0.954277 0.93496 0.958655 0.950218 0.851919 0.912573 0.881947 0.864097 0.924271
0.5 16 5 2500 2 1.40902 1.28523 1.22026 1.24301 1.3014 1.32747 1.34883 1.22723 1.2865 1.27272
0.5 16 5 3000 2 1.82251 1.77219 1.69517 1.6919 1.8256 1.786 1.66288 1.74017 1.90475 1.76727
0.5 16 5 3500 2 2.13642 2.27012 2.34798 2.16371 2.22499 2.1853 2.57726 2.40815 2.15067 2.34812
0.5 16 5 4000 2 2.81073 2.8056 3.01904 2.74854 2.99762 2.81082 2.90675 2.91245 2.86048 2.75742
0.5 16 5 4500 2 4.09765 3.44065 3.81376 3.37988 3.70841 3.47517 3.68021 3.36992 3.42404 4.14391
0.5 16 5 5000 2 4.18135 4.42395 4.40398 4.13683 4.42264 4.29756 4.17809 4.13991 4.86425 4.14364
0.5 16 5 5500 2 5.0405 4.93908 5.34675 5.49952 5.68654 5.06319 5.09964 5.68241 6.28867 5.12629
0.5 16 5 6000 2 5.75554 5.84628 5.60318 6.5475 5.80931 6.95504 5.95546 6.04828 6.01108 5.76053
0.5 16 5 6500 2 6.71876 6.83418 6.7738 6.92188 6.89506 6.74738 6.68823 7.04795 6.57267 6.42604
0.5 16 5 7000 2 8.52069 7.59479 8.1627 9.11923 7.9043 7.81552 8.20215 7.95635 7.32889 7.4036
0.5 16 5 7500 2 9.00404 9.11926 9.1571 8.80403 9.17818 9.04114 9.40557 8.69739 9.33906 8.72094
0.5 16 5 8000 2 10.4449 9.91194 10.4799 9.95378 10.1375 10.1994 10.2875 10.3096 11.1479 9.93272
0.5 16 5 8500 2 11.3724 11.3601 10.9539 11.4493 11.4253 12.0066 11.4026 11.2327 11.0642 11.7228
0.5 16 5 9000 2 12.3373 13.0665 12.2784 13.6215 12.3252 12.8144 13.4616 14.0425 12.9929 13.9942
0.5 16 5 9500 2 14.1839 15.4957 14.4812 13.9997 14.031 14.872 13.6051 13.7767 14.1863 14.3297
0.5 16 128 1000 2 0.307746 0.30807 0.306146 0.326007 0.294828 0.291516 0.29266 0.290965 0.292688 0.329691
0.5 16 128 1500 2 0.592468 0.614954 0.585543 0.578111 0.57774 0.612294 0.522099 0.526934 0.52637 0.53433
0.5 16 128 2000 2 0.839554 0.849066 0.927478 0.884655 0.872161 0.909225 1.14114 1.10878 1.0693 1.178
0.5 16 128 2500 2 1.32405 1.23191 1.33839 1.34192 1.20308 1.20987 1.32191 1.23156 1.24996 1.26511
0.5 16 128 3000 2 2.11385 2.02167 2.14035 1.57094 1.61169 1.63797 1.68127 1.88524 2.23835 2.0852
0.5 16 128 3500 2 2.08569 2.04369 2.112 2.14594 2.74678 2.54613 2.15009 2.10696 2.23022 2.13362
0.5 16 128 4000 2 3.36223 2.9965 2.69319 2.68289 2.78215 3.44979 2.8439 2.93353 2.94962 2.82631
0.5 16 128 4500 2 3.63931 3.50959 3.65036 3.45001 3.56624 3.5031 3.61288 3.53585 3.61373 3.53263
0.5 16 128 5000 2 4.28508 4.39669 4.10915 4.35609 4.33078 4.21668 4.4312 4.07821 4.31281 4.61689
0.5 16 128 5500 2 5.26348 4.82261 5.82622 5.02931 4.94455 4.71686 5.58103 5.1577 4.76882 5.93121
0.5 16 128 6000 2 5.39537 6.14513 6.19694 5.60488 5.49875 6.74039 5.49347 5.64749 5.58364 5.46655
0.5 16 128 6500 2 6.29398 6.33201 7.70618 6.3367 7.54283 6.86479 6.44929 6.39192 6.42739 6.34006
0.5 16 128 7000 2 7.37722 7.34546 7.23204 7.34813 7.2254 7.32997 7.36556 7.20341 7.29889 7.49606
0.5 16 128 7500 2 8.8085 9.23185 8.3275 9.31751 8.78492 8.3206 9.83128 8.60859 8.31604 8.29284
0.5 16 128 8000 2 9.71354 10.0468 9.45744 9.48469 11.1239 9.29515 10.6849 9.56661 9.35293 9.4098
0.5 16 128 8500 2 10.7004 10.5507 11.8758 11.0052 10.868 10.4709 10.4431 10.907 11.3111 11.246
0.5 16 128 9000 2 11.7975 13.3326 13.3356 12.7396 11.5103 11.7346 11.8113 12.9125 13.0963 13.1303
0.5 16 128 9500 2 12.8503 14.0933 12.9036 13.6375 12.9733 14.7258 14.1237 13.2965 14.8062 14.6185
2 4 5 1000 2 0.062459 0.093731 0.109911 0.084994 0.081595 0.092953 0.091574 0.092802 0.088953 0.079013
2 4 5 1500 2 0.165449 0.147424 0.132532 0.133256 0.18693 0.144443 0.137933 0.146862 0.173716 0.225691
2 4 5 2000 2 0.194206 0.237172 0.215212 0.209059 0.215291 0.202495 0.249781 0.294242 0.224151 0.235565
2 4 5 2500 2 0.323581 0.382001 0.353706 0.341083 0.39149 0.342073 0.361709 0.378324 0.36041 0.342422
2 4 5 3000 2 0.399789 0.403775 0.400993 0.39464 0.458773 0.392411 0.393243 0.396098 0.409227 0.440193
2 4 5 3500 2 0.598367 0.537702 0.690187 0.678797 0.990502 0.695844 0.644434 0.662828 0.521703 0.540855
2 4 5 4000 2 0.612853 0.658252 0.666123 0.748627 0.808799 0.806773 0.83455 0.599928 0.630241 0.667034
2 4 5 4500 2 0.761443 0.945804 0.870188 0.837835 0.828336 0.756479 0.747676 0.778659 0.803218 0.730917
2 4 5 5000 2 0.919152 0.912693 1.20285 1.1953 1.20673 0.915454 0.921271 0.997781 1.02305 1.06506
2 4 5 5500 2 1.10536 1.10249 1.10208 1.11101 1.14164 1.18183 1.0527 0.975112 1.02653 1.22808
2 4 5 6000 2 1.32585 1.27317 1.23133 1.24854 1.374 1.19849 1.54256 1.62189 1.35463 1.25576
2 4 5 6500 2 1.51956 1.80676 1.58616 1.41616 1.6108 1.59561 1.59031 1.51435 1.59519 1.56518
2 4 5 7000 2 1.63625 1.98363 1.80316 1.81696 1.95348 1.7818 1.99151 1.72546 1.71382 1.69301
2 4 5 7500 2 2.30933 2.16268 1.90764 2.00593 1.91751 1.90713 2.41589 2.15717 2.0871 2.04627
2 4 5 8000 2 2.24848 2.47525 2.58245 2.37115 2.55464 2.14707 2.36421 2.20217 2.15802 2.14954
2 4 5 8500 2 2.93332 2.54919 2.32411 2.4829 2.34717 2.56072 2.46644 2.88435 2.77196 2.40715
2 4 5 9000 2 2.83776 2.67578 2.76682 2.72473 3.4119 2.71483 3.01037 2.71218 2.872 2.75079
2 4 5 9500 2 2.93239 3.10875 3.12455 3.16329 3.15118 3.56298 3.1655 3.25616 3.23118 3.04596
2 4 128 1000 2 0.077406 0.082289 0.0829 0.096182 0.081487 0.077202 0.08245 0.118637 0.092469 0.087119
2 4 128 1500 2 0.156288 0.152033 0.146672 0.151096 0.159889 0.185732 0.205013 0.182454 0.182151 0.205979
2 4 128 2000 2 0.282206 0.273298 0.268469 0.275423 0.291475 0.256739 0.243291 0.27103 0.276017 0.228126
2 4 128 2500 2 0.313767 0.308113 0.309145 0.285483 0.346391 0.308075 0.315676 0.313984 0.332071 0.298336
2 4 128 3000 2 0.460884 0.434799 0.433713 0.418222 0.421944 0.44644 0.394493 0.393961 0.379328 0.412907
2 4 128 3500 2 0.484122 0.514975 0.549074 0.577987 0.59225 0.584082 0.559027 0.555011 0.466605 0.49496
2 4 128 4000 2 0.629227 0.706267 0.632669 0.71762 0.722681 0.709771 0.701008 0.750197 0.792654 0.816551
2 4 128 4500 2 1.00374 0.818687 0.819811 0.793848 0.884085 0.84656 0.864093 0.84809 0.857826 0.888512
2 4 128 5000 2 0.932255 0.992381 1.06442 1.00749 1.28343 1.19498 1.17021 1.04246 0.958689 1.09295
2 4 128 5500 2 1.26398 1.26602 1.08584 1.08436 1.19352 1.15175 1.13591 1.77489 1.36214 1.30697
2 4 128 6000 2 1.36398 1.49736 1.48854 1.42344 1.34247 1.33944 1.45448 1.46071 1.30046 1.3468
2 4 128 6500 2 1.68134 1.64078 1.53419 1.51122 1.56847 1.61086 1.52781 1.53106 1.55843 1.54557
2 4 128 7000 2 1.87136 2.18722 1.71721 2.00146 2.2131 1.82765 1.84977 1.76663 1.9787 2.27494
2 4 128 7500 2 1.99535 2.16006 2.1612 1.98232 2.06307 2.37859 2.44781 2.112 2.12553 2.12314
2 4 128 8000 2 2.27035 2.77016 3.5152 2.81136 2.45192 2.38494 2.48712 2.25763 2.19266 2.41639
2 4 128 8500 2 2.75311 3.16223 2.61914 2.47344 2.51965 2.95133 2.77375 2.59731 3.01675 2.52404
2 4 128 9000 2 2.74247 2.75525 2.98395 3.47911 2.81532 2.77446 2.85026 3.57379 2.78955 2.93393
2 4 128 9500 2 3.0726 3.0937 3.43722 3.75472 3.30924 3.22845 3.78714 3.06805 3.24976 3.50628
2 16 5 1000 2 0.333798 0.453134 0.54374 0.353996 0.26204 0.278861 0.296446 0.354655 0.306979 0.320479
2 16 5 1500 2 0.544364 0.497942 0.491906 0.606065 0.600683 0.627818 0.541787 0.539061 0.581757 0.536312
2 16 5 2000 2 0.725228 0.711029 0.715703 0.867479 0.82671 0.71383 0.790219 0.833502 0.708497 0.733509
2 16 5 2500 2 1.17285 1.10038 1.12562 1.10573 1.10409 1.06428 1.06355 1.17182 1.08297 1.20125
2 16 5 3000 2 1.34569 1.52957 1.34128 1.39965 1.4121 1.57405 1.94414 1.70973 1.27527 1.52841
2 16 5 3500 2 1.86936 1.78226 1.90147 1.8583 1.52439 2.00854 2.06953 1.77764 1.63376 1.83219
2 16 5 4000 2 2.31908 2.31486 2.24835 2.54721 2.82727 2.36818 2.44552 2.62938 2.14734 2.50524
2 16 5 4500 2 3.08091 3.01705 2.70889 3.11472 2.70139 3.13812 2.6958 2.91872 3.35375 2.57629
2 16 5 5000 2 3.44176 3.77374 3.16485 3.75178 4.15818 3.55798 3.37937 3.38829 3.20603 3.55156
2 16 5 5500 2 3.80465 3.81568 4.26149 3.55335 3.69932 4.23497 4.04146 4.69516 4.80292 4.75089
2 16 5 6000 2 4.50915 5.28929 4.49772 4.22626 4.45566 4.55611 4.72892 4.19105 5.05644 4.62296
2 16 5 6500 2 5.87133 6.77414 5.24985 4.93187 5.95873 4.97912 5.45252 5.56594 5.24302 5.16386
2 16 5 7000 2 6.42103 5.60557 7.4588 7.77236 7.62016 6.99464 6.96356 5.21847 6.8019 5.99102
2 16 5 7500 2 6.21721 7.96503 6.51739 7.06529 7.71084 6.54398 7.49469 6.68317 7.35435 6.68375
2 16 5 8000 2 7.59841 7.66347 7.52233 7.55899 7.71715 7.48943 7.47752 7.65024 7.70756 7.8087
2 16 5 8500 2 9.77623 8.78986 8.18928 8.1701 7.71035 8.92227 8.85628 8.2621 8.42922 8.25672
2 16 5 9000 2 9.53696 8.89414 10.3334 8.49277 9.82646 8.39154 9.74103 8.63039 10.294 9.11021
2 16 5 9500 2 10.5701 10.9101 9.99839 11.5326 11.1919 9.72664 9.49959 12.4858 9.80056 10.2503
2 16 128 1000 2 0.277167 0.421204 0.476477 0.334546 0.278525 0.294412 0.31666 0.375454 0.324361 0.329974
2 16 128 1500 2 0.543058 0.523195 0.471149 0.548398 0.570689 0.574787 0.521917 0.553364 0.613747 0.584778
2 16 128 2000 2 0.782753 0.757783 0.716733 0.820223 0.754881 0.661845 0.767375 0.852852 0.77684 0.811705
2 16 128 2500 2 1.3751 1.04602 1.06089 1.00339 1.15163 1.06685 1.04905 0.949185 0.972144 1.07565
2 16 128 3000 2 1.38288 1.47869 1.6254 1.70929 1.71703 1.35627 1.56961 1.54608 1.49013 1.32069
2 16 128 3500 2 1.75706 1.69867 2.09429 2.1946 1.75715 1.80934 1.88639 1.78764 1.63787 1.69348
2 16 128 4000 2 2.51591 2.23802 2.19991 2.3203 2.72225 2.8517 2.45516 3.10134 2.25519 2.67777
2 16 128 4500 2 2.49364 3.5525 2.84872 3.17518 2.59762 2.72869 2.6128 2.62284 2.75709 3.0703
2 16 128 5000 2 3.59063 3.6046 3.22068 3.22062 3.76019 3.32504 3.96477 4.23459 3.32153 3.10349
2 16 128 5500 2 3.94902 3.88935 3.80474 3.84566 4.17988 3.68836 4.07107 3.92139 3.90543 4.4293
2 16 128 6000 2 4.81794 4.44008 4.70031 4.30367 4.79694 4.60648 6.11182 4.95135 4.34334 4.24828
2 16 128 6500 2 4.64761 6.31542 5.12711 5.37207 5.29995 5.57166 5.57017 5.10652 4.87731 5.69105
2 16 128 7000 2 5.96768 7.84501 6.55206 6.07309 7.93593 5.90195 7.47849 5.78497 6.75298 7.79658
2 16 128 7500 2 8.85836 7.74779 6.75684 6.7467 6.86408 6.19077 6.48717 7.22695 6.73124 6.62013
2 16 128 8000 2 7.81392 7.19256 7.21611 8.46776 7.83077 7.74061 7.88079 8.08594 7.83353 6.9033
2 16 128 8500 2 10.1682 8.29626 8.11155 8.33425 8.19399 8.15274 9.35019 8.25884 8.76569 8.08646
2 16 128 9000 2 9.42442 9.08681 10.2535 8.71428 8.99248 9.12396 10.2263 8.99378 9.04386 9.56666
2 16 128 9500 2 9.94472 11.4524 10.0293 11.9568 10.7006 10.3941 10.1714 11.7304 9.90257 11.0126
5 4 5 1000 2 0.066915 0.060327 0.104248 0.113686 0.081875 0.088307 0.109525 0.087658 0.079081 0.091038
5 4 5 1500 2 0.152279 0.192387 0.128013 0.196936 0.151243 0.190975 0.162996 0.171334 0.172811 0.147947
5 4 5 2000 2 0.231273 0.299532 0.217623 0.269603 0.228272 0.206062 0.222131 0.216028 0.222766 0.244782
5 4 5 2500 2 0.302925 0.263975 0.331887 0.306377 0.357358 0.348452 0.336702 0.412572 0.30168 0.366499
5 4 5 3000 2 0.444471 0.466603 0.404133 0.403172 0.406529 0.379546 0.398684 0.420693 0.420488 0.391136
5 4 5 3500 2 0.607789 0.611963 0.523807 0.585174 0.588224 0.523576 0.517954 0.518286 0.557581 0.47709
5 4 5 4000 2 0.625588 0.747329 0.758463 0.731138 0.766212 0.557078 0.603038 0.596336 0.623702 0.593294
5 4 5 4500 2 0.784483 0.761076 0.750465 0.844578 0.700075 0.724078 0.741142 0.700382 0.769544 0.732206
5 4 5 5000 2 0.908077 0.986594 0.836723 0.938856 0.876697 0.876178 0.983197 0.965506 1.00917 0.865958
5 4 5 5500 2 1.06628 1.00456 1.00678 1.03751 1.12077 1.05498 1.03548 1.20203 1.29036 1.26824
5 4 5 6000 2 1.20378 1.19443 1.28519 1.43394 1.316 1.16095 1.25882 1.24174 1.19182 1.24756
5 4 5 6500 2 1.36925 1.36694 1.49691 1.39654 1.80362 1.6965 1.52989 1.3865 1.38286 1.34671
5 4 5 7000 2 1.59986 1.76405 2.09861 1.639 1.60747 1.88323 1.66245 1.5623 1.57757 1.59585
5 4 5 7500 2 2.12331 2.18484 1.93639 2.02981 1.94836 1.99711 1.88716 1.77903 2.2017 2.15259
5 4 5 8000 2 2.25173 2.03583 2.10371 2.47716 2.45359 2.14137 2.22186 2.1425 2.15248 2.02816
5 4 5 8500 2 2.33291 2.72943 2.82298 2.7543 2.4344 2.26284 2.44322 3.02369 2.65792 2.58176
5 4 5 9000 2 2.69759 2.60249 2.55924 2.60757 2.58093 2.66489 2.77804 3.14377 2.75103 3.08804
5 4 5 9500 2 2.95869 2.90193 3.6168 2.97472 3.20045 2.80304 3.16428 2.74824 2.82395 3.38957
5 4 128 1000 2 0.108491 0.087895 0.124482 0.09656 0.09553 0.108001 0.085876 0.111167 0.108816 0.136539
5 4 128 1500 2 0.171184 0.185022 0.158441 0.209416 0.166265 0.186356 0.17399 0.179469 0.196217 0.17844
5 4 128 2000 2 0.250808 0.294876 0.233606 0.280413 0.224069 0.269072 0.249239 0.228652 0.226952 0.235359
5 4 128 2500 2 0.308754 0.315407 0.317961 0.27775 0.288145 0.314698 0.295533 0.307901 0.292755 0.283886
5 4 128 3000 2 0.388179 0.395582 0.464716 0.431528 0.414404 0.450698 0.503161 0.420051 0.405279 0.414852
5 4 128 3500 2 0.500435 0.517871 0.49922 0.511911 0.492863 0.530854 0.566891 0.63164 0.5291 0.494088
5 4 128 4000 2 0.649308 0.646277 0.624481 0.610027 0.64048 0.680829 0.680108 0.618912 0.673091 0.633136
5 4 128 4500 2 0.883098 0.729625 0.793738 0.815966 0.816149 1.02029 0.795294 0.821361 0.870901 0.766129
5 4 128 5000 2 0.999902 0.983551 0.986171 0.8964 0.985381 0.908032 0.957254 0.980137 0.955378 1.14461
5 4 128 5500 2 1.31335 1.44752 1.3152 1.14816 1.11497 1.23838 1.13249 1.1229 1.08152 1.13854
5 4 128 6000 2 1.36065 1.33033 1.26625 1.27354 1.37001 1.22414 1.60406 1.65995 1.30749 1.2435
5 4 128 6500 2 1.48947 1.58357 1.54858 1.44353 1.51459 1.52447 1.90713 1.80034 1.46064 1.48667
5 4 128 7000 2 1.6379 1.73574 1.65058 1.9814 2.08608 1.73526 1.80117 1.83337 1.60867 1.66585
5 4 128 7500 2 2.07152 2.4561 2.1528 1.9319 2.1362 1.97803 2.0131 1.98328 2.24769 2.34932
5 4 128 8000 2 2.2077 2.33891 2.30652 2.42861 2.24735 2.22972 2.2581 2.68332 2.40425 2.25237
5 4 128 8500 2 2.39553 2.43504 2.46295 2.46219 2.8605 2.78828 2.3528 2.34528 2.56809 2.97332
5 4 128 9000 2 2.65015 2.69116 2.64772 3.23671 2.7649 2.69198 2.73579 3.20105 2.84694 3.01022
5 4 128 9500 2 3.05744 3.11372 2.95627 2.97734 2.99808 3.12751 3.64446 3.01922 2.98287 2.92031
5 16 5 1000 2 0.328231 0.390776 0.361164 0.328148 0.350367 0.321986 0.288094 0.318512 0.315451 0.301022
5 16 5 1500 2 0.578018 0.632738 0.497397 0.64763 0.693321 0.679865 0.687605 0.544296 0.590319 0.597179
5 16 5 2000 2 0.752498 0.772731 0.748256 0.766873 0.841401 0.846253 0.940538 0.851678 0.898291 0.804772
5 16 5 2500 2 1.0482 0.96718 1.21408 1.10111 1.07442 1.08475 1.06412 1.0165 1.10991 1.16714
5 16 5 3000 2 1.58325 1.40728 1.43 1.52904 1.39681 1.51762 1.95062 1.65765 1.25105 1.39711
5 16 5 3500 2 1.95178 1.80239 1.56797 1.76628 1.88105 1.69376 1.74227 1.84522 1.76535 2.07452
5 16 5 4000 2 2.46914 2.42095 2.33974 2.12504 2.31343 2.1576 2.36594 2.16178 2.22979 2.07893
5 16 5 4500 2 2.97359 2.62345 2.82693 3.10515 2.87164 2.92547 2.51096 2.52155 2.86286 2.93335
5 16 5 5000 2 3.90487 3.36773 3.13326 3.33987 3.06305 3.15542 3.04538 3.15904 3.79464 3.52308
5 16 5 5500 2 3.71159 3.54212 4.01663 3.93234 3.96838 4.02401 4.14776 3.95504 4.16816 3.92471
5 16 5 6000 2 4.15121 4.46269 4.20761 4.5376 4.47723 4.29417 4.6827 4.63418 4.22221 4.19112
5 16 5 6500 2 5.82039 5.2274 4.80394 4.98865 5.37363 5.48524 4.80098 5.11746 5.06055 5.42714
5 16 5 7000 2 5.67592 5.40124 6.13551 5.76745 5.91601 6.16625 5.60115 5.78055 6.29935 5.77668
5 16 5 7500 2 6.68453 6.4657 6.6252 7.99291 6.55374 6.13282 6.97469 8.16568 7.07015 6.4265
5 16 5 8000 2 7.95491 6.92814 7.35113 7.34141 6.93314 7.50114 7.12172 8.06161 7.54429 7.59261
5 16 5 8500 2 8.14228 7.32982 7.97088 10.171 7.62758 8.09376 7.90011 9.12051 7.53714 8.89328
5 16 5 9000 2 8.79282 8.49648 9.03493 8.75079 8.95039 8.84606 9.34158 9.09236 9.34752 9.79609
5 16 5 9500 2 9.12387 10.4575 10.3329 10.1652 10.7276 10.2297 10.6046 10.4456 9.37282 9.96648
5 16 128 1000 2 0.299059 0.364855 0.339088 0.328014 0.328788 0.314805 0.322232 0.354734 0.351167 0.326007
5 16 128 1500 2 0.596725 0.690368 0.521566 0.691614 0.628421 0.753877 0.736781 0.637932 0.681473 0.607416
5 16 128 2000 2 0.933207 0.875761 0.783814 0.89766 0.722301 0.725157 0.847034 0.798717 0.986628 0.873726
5 16 128 2500 2 1.18314 0.965576 1.12016 1.1484 1.03483 1.20385 1.16877 1.20382 0.989051 1.08072
5 16 128 3000 2 1.42394 1.43265 1.52241 1.40435 1.32758 1.33129 1.56377 1.55453 1.62585 1.80725
5 16 128 3500 2 1.77889 1.95905 1.73635 1.86487 1.66078 1.9446 1.96767 1.71686 1.69683 1.61479
5 16 128 4000 2 2.18215 2.57491 2.25506 2.27812 2.5857 2.08061 2.20172 2.62729 2.32747 2.55388
5 16 128 4500 2 2.96562 3.21093 3.40014 3.38111 3.29652 2.81359 2.56261 2.6852 2.67916 2.76549
5 16 128 5000 2 3.61036 3.12782 3.32232 3.25428 3.51958 3.03196 3.34873 2.74853 3.3257 3.68068
5 16 128 5500 2 3.75736 4.14576 3.5403 3.73851 3.41796 4.18147 4.03336 3.95692 4.0805 3.89072
5 16 128 6000 2 4.12111 4.35862 4.42524 4.43121 4.31664 4.86788 4.04549 4.08254 3.98974 4.68948
5 16 128 6500 2 5.08003 4.85229 4.57605 5.52264 5.01303 4.90895 5.63077 5.12527 4.62309 5.28814
5 16 128 7000 2 6.56518 5.54381 6.05706 5.67852 5.61711 5.93075 5.44939 5.47948 6.06665 5.54589
5 16 128 7500 2 6.83357 6.41454 6.03454 7.43525 6.92637 6.68256 7.34993 6.13999 6.35097 8.05799
5 16 128 8000 2 7.3801 7.76069 9.18536 7.1648 7.13522 9.12893 7.03769 8.39301 7.27572 9.14726
5 16 128 8500 2 8.15592 11.1732 10.0944 8.5847 8.12236 9.74837 8.01399 8.73134 8.10195 7.95673
5 16 128 9000 2 9.25913 9.88645 10.8509 9.72764 8.56427 10.4263 10.1196 9.14963 9.02322 8.74292
5 16 128 9500 2 10.0316 10.4406 9.71086 9.78261 9.56753 9.45253 10.5801 9.61684 9.97647 10.4778
