epsilon 0.200 16 2 11314 2164
Algo 0.08072918836725361
std_ward 0.28204430280895276
epsilon 0.200 16 4 11314 2164
Algo 0.08460512273534136
std_ward 0.28204430280895276
epsilon 0.200 16 8 11314 2164
Algo 0.0720090046635979
std_ward 0.28204430280895276
epsilon 0.200 16 16 11314 2164
Algo 0.05940436873650057
std_ward 0.28204430280895276
epsilon 0.200 16 32 11314 2164
Algo 0.05290698034107288
std_ward 0.28204430280895276
epsilon 0.200 16 64 11314 2164
Algo 0.04027894325491151
std_ward 0.28204430280895276
epsilon 0.200 16 128 11314 2164
Algo 0.036307935428096155
std_ward 0.28204430280895276
epsilon 0.200 16 256 11314 2164
Algo 0.03794278957831953
std_ward 0.28204430280895276
epsilon 0.200 16 512 11314 2164
Algo 0.043461771849322955
std_ward 0.28204430280895276
epsilon 0.200 16 1024 11314 2164
Algo 0.04804024868399787
std_ward 0.28204430280895276
