epsilon 0.50 16 32 11314 2164
Algo 0.05739421581667248
std_ward 0.28204430280895276
epsilon 0.100 16 32 11314 2164
Algo 0.06875130355577229
std_ward 0.28204430280895276
epsilon 0.200 16 32 11314 2164
Algo 0.05301825907160819
std_ward 0.28204430280895276
epsilon 0.400 16 32 11314 2164
Algo 0.06905123492997624
std_ward 0.28204430280895276
epsilon 0.800 16 32 11314 2164
Algo 0.06221768885457777
std_ward 0.28204430280895276
epsilon 0.1000 16 32 11314 2164
Algo 0.04826180973776371
std_ward 0.28204430280895276
