epsilon 0.200 16 2 11314 2164
Algo 0.08037796614154435
std_ward 0.28204430280895276
epsilon 0.200 16 4 11314 2164
Algo 0.07981837749127517
std_ward 0.28204430280895276
epsilon 0.200 16 8 11314 2164
Algo 0.0730784875069585
std_ward 0.28204430280895276
epsilon 0.200 16 16 11314 2164
Algo 0.05383181923644476
std_ward 0.28204430280895276
epsilon 0.200 16 32 11314 2164
Algo 0.06053129965629309
std_ward 0.28204430280895276
epsilon 0.200 16 64 11314 2164
Algo 0.04694678015314147
std_ward 0.28204430280895276
epsilon 0.200 16 128 11314 2164
Algo 0.04023359029582189
std_ward 0.28204430280895276
epsilon 0.200 16 256 11314 2164
Algo 0.03912609303454146
std_ward 0.28204430280895276
epsilon 0.200 16 512 11314 2164
Algo 0.04494076973561851
std_ward 0.28204430280895276
epsilon 0.200 16 1024 11314 2164
Algo 0.04754262766410898
std_ward 0.28204430280895276
