epsilon 0.200 1 128 11314 2164
Algo 0.0437367273081768
std_ward 0.28204430280895276
epsilon 0.200 4 128 11314 2164
Algo 0.03885778373691436
std_ward 0.28204430280895276
epsilon 0.200 8 128 11314 2164
Algo 0.03930738293092403
std_ward 0.28204430280895276
epsilon 0.200 12 128 11314 2164
Algo 0.038103312251952126
std_ward 0.28204430280895276
epsilon 0.200 16 128 11314 2164
Algo 0.034883883959222095
std_ward 0.28204430280895276
epsilon 0.200 20 128 11314 2164
Algo 0.038410276881024115
std_ward 0.28204430280895276
epsilon 0.200 24 128 11314 2164
Algo 0.038313035985070285
std_ward 0.28204430280895276
epsilon 0.200 28 128 11314 2164
Algo 0.03733977399597509
std_ward 0.28204430280895276
epsilon 0.200 32 128 11314 2164
Algo 0.03845291858823206
std_ward 0.28204430280895276
