epsilon 0.200 16 2 11314 2164
Algo 0.07282110757787155
std_ward 0.28204430280895276
epsilon 0.200 16 4 11314 2164
Algo 0.07856903910813803
std_ward 0.28204430280895276
epsilon 0.200 16 8 11314 2164
Algo 0.06381266660098456
std_ward 0.28204430280895276
epsilon 0.200 16 16 11314 2164
Algo 0.05746740413621951
std_ward 0.28204430280895276
epsilon 0.200 16 32 11314 2164
Algo 0.053952147051971884
std_ward 0.28204430280895276
epsilon 0.200 16 64 11314 2164
Algo 0.039805577696366896
std_ward 0.28204430280895276
epsilon 0.200 16 128 11314 2164
Algo 0.03769051301654936
std_ward 0.28204430280895276
epsilon 0.200 16 256 11314 2164
Algo 0.03980781852031945
std_ward 0.28204430280895276
epsilon 0.200 16 512 11314 2164
Algo 0.045349994427222165
std_ward 0.28204430280895276
epsilon 0.200 16 1024 11314 2164
Algo 0.047724875102580715
std_ward 0.28204430280895276
