epsilon 0.100 25 128 100 2164
Algo 0.31081925798833093
std_ward 0.5580087254034448
epsilon 0.100 25 128 200 2164
Algo 0.21233186095599876
std_ward 0.3710829515817682
epsilon 0.100 25 128 400 2164
Algo 0.16436996258066222
std_ward 0.30454627513015176
epsilon 0.100 25 128 800 2164
Algo 0.10075619734764447
std_ward 0.28392974889615435
epsilon 0.100 25 128 1600 2164
Algo 0.0636511090629898
std_ward 0.24608104082251195
epsilon 0.100 25 128 3200 2164
Algo 0.0527438807208413
std_ward 0.24186125140338507
epsilon 0.100 25 128 6400 2164
Algo 0.04357168013009482
std_ward 0.2678044502678068
