0.027356863021850586 1.0 0.02659320831298828 1.0 0.026211261749267578 1.0 0.025719642639160156 1.0 0.02552938461303711 1.0 0.026174306869506836 1.0 0.02586960792541504 1.0 0.025612592697143555 1.0 0.024936914443969727 1.0 0.024885177612304688 1.0
0.059133291244506836 1.0 0.06000208854675293 1.0 0.059128761291503906 1.0 0.05983781814575195 1.0 0.05967903137207031 1.0 0.06032395362854004 1.0 0.0591282844543457 1.0 0.0586094856262207 1.0 0.05877494812011719 1.0 0.060109615325927734 1.0
0.10930061340332031 1.0 0.11114764213562012 1.0 0.11303567886352539 1.0 0.11279678344726562 1.0 0.11281752586364746 1.0 0.11074376106262207 1.0 0.11268019676208496 1.0 0.11275887489318848 1.0 0.11140990257263184 1.0 0.11393165588378906 1.0
0.17896819114685059 1.0 0.17746686935424805 1.0 0.17792606353759766 1.0 0.17277836799621582 1.0 0.17658329010009766 1.0 0.17883658409118652 1.0 0.17714333534240723 1.0 0.176072359085083 1.0 0.16673660278320312 1.0 0.17726969718933105 1.0
0.2558858394622803 1.0 0.26136136054992676 1.0 0.2548205852508545 1.0 0.2474973201751709 1.0 0.23987245559692383 1.0 0.24784636497497559 1.0 0.2505507469177246 1.0 0.2479257583618164 1.0 0.25711727142333984 1.0 0.25818872451782227 1.0
0.372664213180542 1.0 0.34778881072998047 1.0 0.34522271156311035 1.0 0.3372650146484375 1.0 0.34470677375793457 1.0 0.39630913734436035 1.0 0.4152534008026123 1.0 0.36034154891967773 1.0 0.367053747177124 1.0 0.3719768524169922 1.0
0.48272228240966797 1.0 0.5126638412475586 1.0 0.4896092414855957 1.0 0.4874904155731201 1.0 0.549872636795044 1.0 0.5558187961578369 1.0 0.5620937347412109 1.0 0.540827751159668 1.0 0.571197509765625 1.0 0.5750091075897217 1.0
0.6877346038818359 1.0 0.5961968898773193 1.0 0.5933549404144287 1.0 0.5989847183227539 1.0 0.5947544574737549 1.0 0.5842344760894775 1.0 0.5964634418487549 1.0 0.6464388370513916 1.0 0.629676103591919 1.0 0.6082184314727783 1.0
0.8129920959472656 1.0 0.8031430244445801 1.0 0.7452497482299805 1.0 0.7341690063476562 1.0 0.7439229488372803 1.0 0.739567756652832 1.0 0.7270352840423584 1.0 0.756575345993042 1.0 0.7953174114227295 1.0 0.786513090133667 1.0
0.9733641147613525 1.0 0.9608356952667236 1.0 0.8871006965637207 1.0 0.8834772109985352 1.0 0.9261670112609863 1.0 0.901298999786377 1.0 0.9729623794555664 1.0 0.9742629528045654 1.0 0.9837946891784668 1.0 0.9672493934631348 1.0
1.0989654064178467 1.0 1.0710241794586182 1.0 1.062779188156128 1.0 1.0389082431793213 1.0 1.0496764183044434 1.0 1.0341851711273193 1.0 1.0327625274658203 1.0 1.0429704189300537 1.0 1.0836291313171387 1.0 1.0656812191009521 1.0
1.331286907196045 1.0 1.5167336463928223 1.0 1.5046107769012451 1.0 1.4804961681365967 1.0 1.379833698272705 1.0 1.254516839981079 1.0 1.1951122283935547 1.0 1.2149300575256348 1.0 1.2156665325164795 1.0 1.2657108306884766 1.0
1.473339557647705 1.0 1.4435670375823975 1.0 1.766174077987671 1.0 1.7407329082489014 1.0 1.7871644496917725 1.0 1.8080968856811523 1.0 1.4317693710327148 1.0 1.4030489921569824 1.0 1.412489652633667 1.0 1.4658255577087402 1.0
1.7124676704406738 1.0 1.8531544208526611 1.0 2.0367190837860107 1.0 1.9701769351959229 1.0 2.0202534198760986 1.0 1.7399637699127197 1.0 1.6028618812561035 1.0 1.6375515460968018 1.0 1.6633734703063965 1.0 1.6623101234436035 1.0
2.296067714691162 1.0 2.276921510696411 1.0 1.9894015789031982 1.0 1.981261968612671 1.0 2.132763147354126 1.0 2.000624179840088 1.0 1.8636972904205322 1.0 1.8635435104370117 1.0 1.9247803688049316 1.0 2.0947177410125732 1.0
2.6502060890197754 1.0 2.684692621231079 1.0 2.3636155128479004 1.0 2.1260499954223633 1.0 2.1347122192382812 1.0 2.216029405593872 1.0 2.5375585556030273 1.0 2.72025990486145 1.0 2.3569204807281494 1.0 2.163382053375244 1.0
2.3883602619171143 1.0 2.548633575439453 1.0 2.727569103240967 1.0 3.135040521621704 1.0 2.518110990524292 1.0 2.4616811275482178 1.0 2.488798141479492 1.0 2.511949300765991 1.0 2.4533026218414307 1.0 2.4208149909973145 1.0
3.0929677486419678 1.0 3.139423131942749 1.0 3.4241766929626465 1.0 2.847834587097168 1.0 3.051504135131836 1.0 2.6947803497314453 1.0 2.727513313293457 1.0 2.9066927433013916 1.0 3.37583327293396 1.0 3.093034029006958 1.0
0.023764848709106445 1.0 0.023898839950561523 1.0 0.024335145950317383 1.0 0.02418231964111328 1.0 0.024729013442993164 1.0 0.02449655532836914 1.0 0.024690866470336914 1.0 0.024586915969848633 1.0 0.02430248260498047 1.0 0.024020671844482422 1.0
0.055803775787353516 1.0 0.05853009223937988 1.0 0.055212974548339844 1.0 0.05497908592224121 1.0 0.055177927017211914 1.0 0.05641746520996094 1.0 0.05450582504272461 1.0 0.056583404541015625 1.0 0.05513644218444824 1.0 0.056303977966308594 1.0
0.10580968856811523 1.0 0.10937309265136719 1.0 0.1094810962677002 1.0 0.10981559753417969 1.0 0.1100459098815918 1.0 0.10479545593261719 1.0 0.0984964370727539 1.0 0.11067461967468262 1.0 0.10979390144348145 1.0 0.11064314842224121 1.0
0.1805281639099121 1.0 0.16446733474731445 1.0 0.16066455841064453 1.0 0.16535544395446777 1.0 0.17274141311645508 1.0 0.17621946334838867 1.0 0.17312169075012207 1.0 0.16419291496276855 1.0 0.16382646560668945 1.0 0.17578625679016113 1.0
0.2655179500579834 1.0 0.26842689514160156 1.0 0.2641425132751465 1.0 0.2509603500366211 1.0 0.2369682788848877 1.0 0.24577999114990234 1.0 0.24918913841247559 1.0 0.24493956565856934 1.0 0.25374937057495117 1.0 0.23772978782653809 1.0
0.3419380187988281 1.0 0.34430813789367676 1.0 0.3283672332763672 1.0 0.33919477462768555 1.0 0.33745670318603516 1.0 0.33910059928894043 1.0 0.378342866897583 1.0 0.35660409927368164 1.0 0.3699488639831543 1.0 0.3742969036102295 1.0
0.5027980804443359 1.0 0.49366164207458496 1.0 0.4996190071105957 1.0 0.48746585845947266 1.0 0.4689655303955078 1.0 0.43944692611694336 1.0 0.44597363471984863 1.0 0.45046472549438477 1.0 0.445019006729126 1.0 0.4458599090576172 1.0
0.5875508785247803 1.0 0.5805253982543945 1.0 0.590975284576416 1.0 0.6038506031036377 1.0 0.5897736549377441 1.0 0.590409517288208 1.0 0.59206223487854 1.0 0.590435266494751 1.0 0.6571657657623291 1.0 0.7119488716125488 1.0
0.8980906009674072 1.0 0.8975977897644043 1.0 0.8681783676147461 1.0 0.8951447010040283 1.0 0.8988785743713379 1.0 0.9024863243103027 1.0 0.9042773246765137 1.0 0.8951542377471924 1.0 0.8896939754486084 1.0 0.6907310485839844 1.0
0.8724246025085449 1.0 0.9195261001586914 1.0 1.0108249187469482 1.0 0.8838858604431152 1.0 0.9238767623901367 1.0 0.8962531089782715 1.0 1.0733833312988281 1.0 1.0752084255218506 1.0 1.1008079051971436 1.0 1.0047032833099365 1.0
1.0844783782958984 1.0 1.0636439323425293 1.0 1.050818681716919 1.0 1.131054162979126 1.0 1.1864862442016602 1.0 1.1622674465179443 1.0 1.0549795627593994 1.0 1.004326343536377 1.0 1.0292391777038574 1.0 1.0311827659606934 1.0
1.2657511234283447 1.0 1.2689623832702637 1.0 1.2433557510375977 1.0 1.4943873882293701 1.0 1.5398573875427246 1.0 1.5286741256713867 1.0 1.4468121528625488 1.0 1.2695493698120117 1.0 1.3058297634124756 1.0 1.394655704498291 1.0
1.584104299545288 1.0 1.4231977462768555 1.0 1.4127378463745117 1.0 1.4119412899017334 1.0 1.4655663967132568 1.0 1.5130584239959717 1.0 1.4388341903686523 1.0 1.410801649093628 1.0 1.4147143363952637 1.0 1.4682586193084717 1.0
1.7082605361938477 1.0 1.6711180210113525 1.0 1.6221776008605957 1.0 1.6695032119750977 1.0 1.695404291152954 1.0 1.719921588897705 1.0 1.6235589981079102 1.0 1.6396746635437012 1.0 1.6224489212036133 1.0 1.6694214344024658 1.0
1.9512934684753418 1.0 2.3281219005584717 1.0 2.308727502822876 1.0 1.9388422966003418 1.0 1.9167461395263672 1.0 1.8892138004302979 1.0 1.9130017757415771 1.0 1.9284510612487793 1.0 1.8869738578796387 1.0 1.8951916694641113 1.0
2.1353871822357178 1.0 2.1952667236328125 1.0 2.48160457611084 1.0 2.616828203201294 1.0 2.172051191329956 1.0 2.1571104526519775 1.0 2.1397788524627686 1.0 2.1837210655212402 1.0 2.2170679569244385 1.0 2.5837221145629883 1.0
2.750169277191162 1.0 2.523738384246826 1.0 2.709709405899048 1.0 2.5931601524353027 1.0 2.3889658451080322 1.0 2.509974479675293 1.0 2.769847869873047 1.0 3.0451645851135254 1.0 2.4996721744537354 1.0 2.438202142715454 1.0
2.661698579788208 1.0 2.786389112472534 1.0 2.7306418418884277 1.0 2.717777729034424 1.0 2.8043181896209717 1.0 3.310800075531006 1.0 3.055773973464966 1.0 2.8089187145233154 1.0 2.721848964691162 1.0 2.7288150787353516 1.0
0.02440810203552246 1.0 0.023646831512451172 1.0 0.02401256561279297 1.0 0.02408599853515625 1.0 0.024341821670532227 1.0 0.02433180809020996 1.0 0.02465367317199707 1.0 0.024598121643066406 1.0 0.0245513916015625 1.0 0.02474689483642578 1.0
0.055733680725097656 1.0 0.05675840377807617 1.0 0.05544400215148926 1.0 0.05468916893005371 1.0 0.055692434310913086 1.0 0.05689406394958496 1.0 0.054999351501464844 1.0 0.054377079010009766 1.0 0.05554056167602539 1.0 0.056232452392578125 1.0
0.10119152069091797 1.0 0.10032296180725098 1.0 0.10246706008911133 1.0 0.12648677825927734 1.0 0.12659525871276855 1.0 0.1198732852935791 1.0 0.09711909294128418 1.0 0.12063264846801758 1.0 0.12595057487487793 1.0 0.1270885467529297 1.0
0.19930720329284668 1.0 0.20036053657531738 1.0 0.17469382286071777 1.0 0.1959395408630371 1.0 0.19756412506103516 1.0 0.15534758567810059 1.0 0.1864783763885498 1.0 0.1700594425201416 1.0 0.1971883773803711 1.0 0.20098590850830078 1.0
0.30475831031799316 1.0 0.28769755363464355 1.0 0.27326273918151855 1.0 0.25914669036865234 1.0 0.22911429405212402 1.0 0.24506497383117676 1.0 0.24902081489562988 1.0 0.24530720710754395 1.0 0.25097179412841797 1.0 0.24616265296936035 1.0
0.34076714515686035 1.0 0.326951265335083 1.0 0.33734726905822754 1.0 0.3384408950805664 1.0 0.33647775650024414 1.0 0.3471505641937256 1.0 0.36853814125061035 1.0 0.36638855934143066 1.0 0.37011122703552246 1.0 0.3335835933685303 1.0
0.5130167007446289 1.0 0.475006103515625 1.0 0.5037956237792969 1.0 0.5048296451568604 1.0 0.4568331241607666 1.0 0.44466185569763184 1.0 0.4451744556427002 1.0 0.44870758056640625 1.0 0.44513463973999023 1.0 0.448650598526001 1.0
0.5711104869842529 1.0 0.5753171443939209 1.0 0.5887868404388428 1.0 0.607264518737793 1.0 0.5922346115112305 1.0 0.5909237861633301 1.0 0.596703052520752 1.0 0.5880770683288574 1.0 0.6733322143554688 1.0 0.7199976444244385 1.0
0.8850328922271729 1.0 0.8942909240722656 1.0 0.897301197052002 1.0 0.8926486968994141 1.0 0.744783878326416 1.0 0.737356424331665 1.0 0.7203295230865479 1.0 0.7318131923675537 1.0 0.7894728183746338 1.0 0.7939324378967285 1.0
0.9946200847625732 1.0 0.9735743999481201 1.0 0.8665997982025146 1.0 0.848271369934082 1.0 0.9123256206512451 1.0 0.8655209541320801 1.0 0.8756988048553467 1.0 0.9009895324707031 1.0 0.904782772064209 1.0 0.8998875617980957 1.0
1.1775496006011963 1.0 1.292283058166504 1.0 1.301933765411377 1.0 1.2712719440460205 1.0 1.14890718460083 1.0 1.0714666843414307 1.0 1.077897071838379 1.0 1.1481242179870605 1.0 1.189279317855835 1.0 1.1623213291168213 1.0
1.314074993133545 1.0 1.271493911743164 1.0 1.2451765537261963 1.0 1.3388872146606445 1.0 1.4002480506896973 1.0 1.3887393474578857 1.0 1.691291093826294 1.0 1.6977837085723877 1.0 1.4934513568878174 1.0 1.4150221347808838 1.0
1.6169545650482178 1.0 1.4796276092529297 1.0 1.5271379947662354 1.0 1.5625193119049072 1.0 1.6099286079406738 1.0 1.6193957328796387 1.0 1.4725642204284668 1.0 1.4734184741973877 1.0 1.5272302627563477 1.0 1.6119396686553955 1.0
1.836843490600586 1.0 1.692124843597412 1.0 1.694657564163208 1.0 1.8611621856689453 1.0 1.848388433456421 1.0 2.117550849914551 1.0 2.1261634826660156 1.0 1.8939881324768066 1.0 1.8014369010925293 1.0 1.692647933959961 1.0
1.9413797855377197 1.0 2.108475923538208 1.0 2.153262138366699 1.0 1.8732352256774902 1.0 1.9178318977355957 1.0 1.962392807006836 1.0 1.964524507522583 1.0 2.33882212638855 1.0 2.257363796234131 1.0 1.9740560054779053 1.0
2.2534258365631104 1.0 2.3606109619140625 1.0 2.1518571376800537 1.0 2.150151252746582 1.0 2.180677652359009 1.0 2.2943291664123535 1.0 2.7099459171295166 1.0 2.391745090484619 1.0 2.2264819145202637 1.0 2.3911893367767334 1.0
2.568169355392456 1.0 2.5452582836151123 1.0 2.691317558288574 1.0 2.6190273761749268 1.0 2.3981218338012695 1.0 2.5237860679626465 1.0 2.769956350326538 1.0 3.043327808380127 1.0 2.5024194717407227 1.0 2.6249969005584717 1.0
2.9678924083709717 1.0 2.774852991104126 1.0 2.802398920059204 1.0 2.7386624813079834 1.0 2.7205629348754883 1.0 2.8000271320343018 1.0 2.8200175762176514 1.0 2.7539219856262207 1.0 2.831256628036499 1.0 2.6450183391571045 1.0
0.023601055145263672 1.0 0.022656917572021484 1.0 0.023113012313842773 1.0 0.02416086196899414 1.0 0.023277997970581055 1.0 0.023204803466796875 1.0 0.024161100387573242 1.0 0.02298760414123535 1.0 0.022655725479125977 1.0 0.023464441299438477 1.0
0.05370044708251953 1.0 0.05507063865661621 1.0 0.05251288414001465 1.0 0.053264617919921875 1.0 0.05541181564331055 1.0 0.05273079872131348 1.0 0.05104422569274902 1.0 0.053507328033447266 1.0 0.051169633865356445 1.0 0.05364060401916504 1.0
0.09757781028747559 1.0 0.09730243682861328 1.0 0.09617280960083008 1.0 0.09684109687805176 1.0 0.09567499160766602 1.0 0.09534430503845215 1.0 0.09612011909484863 1.0 0.10026860237121582 1.0 0.09972739219665527 1.0 0.09772467613220215 1.0
0.15877246856689453 1.0 0.16003704071044922 1.0 0.15924906730651855 1.0 0.15712738037109375 1.0 0.15723538398742676 1.0 0.1587369441986084 1.0 0.15793251991271973 1.0 0.15673518180847168 1.0 0.15697050094604492 1.0 0.1607527732849121 1.0
0.24520635604858398 1.0 0.24979853630065918 1.0 0.24640154838562012 1.0 0.24974536895751953 1.0 0.2427201271057129 1.0 0.2477707862854004 1.0 0.2517118453979492 1.0 0.28633594512939453 1.0 0.31618332862854004 1.0 0.3092036247253418 1.0
0.39391374588012695 1.0 0.4342789649963379 1.0 0.39546895027160645 1.0 0.42400026321411133 1.0 0.4200704097747803 1.0 0.3859412670135498 1.0 0.35004472732543945 1.0 0.34551548957824707 1.0 0.37158918380737305 1.0 0.34475183486938477 1.0
0.539372444152832 1.0 0.5080862045288086 1.0 0.5191292762756348 1.0 0.5242893695831299 1.0 0.5331277847290039 1.0 0.4535808563232422 1.0 0.45084285736083984 1.0 0.4501152038574219 1.0 0.4453253746032715 1.0 0.4519991874694824 1.0
0.6021161079406738 1.0 0.5837481021881104 1.0 0.5884354114532471 1.0 0.6145491600036621 1.0 0.6110963821411133 1.0 0.5994682312011719 1.0 0.6117923259735107 1.0 0.5949978828430176 1.0 0.6351962089538574 1.0 0.663440465927124 1.0
0.8334784507751465 1.0 0.8991689682006836 1.0 0.8696966171264648 1.0 0.8279531002044678 1.0 0.7452576160430908 1.0 0.7435472011566162 1.0 0.7208895683288574 1.0 0.737560510635376 1.0 0.7181191444396973 1.0 0.7048766613006592 1.0
0.8813390731811523 1.0 0.8817498683929443 1.0 0.8524856567382812 1.0 0.8838965892791748 1.0 0.9210696220397949 1.0 0.8864784240722656 1.0 0.903580904006958 1.0 0.8806943893432617 1.0 0.8649036884307861 1.0 0.8586106300354004 1.0
1.050431728363037 1.0 1.0484097003936768 1.0 1.0647258758544922 1.0 1.056074857711792 1.0 1.090308427810669 1.0 1.164787769317627 1.0 1.1984360218048096 1.0 1.2628710269927979 1.0 1.1778931617736816 1.0 1.0722801685333252 1.0
1.2726261615753174 1.0 1.2418015003204346 1.0 1.1946759223937988 1.0 1.2227840423583984 1.0 1.2450435161590576 1.0 1.2483339309692383 1.0 1.2558205127716064 1.0 1.3107473850250244 1.0 1.561335802078247 1.0 1.5318591594696045 1.0
1.5386137962341309 1.0 1.4665930271148682 1.0 1.4444918632507324 1.0 1.3972337245941162 1.0 1.4145455360412598 1.0 1.4549882411956787 1.0 1.479473352432251 1.0 1.4780986309051514 1.0 1.4133117198944092 1.0 1.4248123168945312 1.0
1.6511406898498535 1.0 1.6896166801452637 1.0 1.6929614543914795 1.0 2.0744054317474365 1.0 2.0746617317199707 1.0 1.8718955516815186 1.0 1.691610336303711 1.0 1.6228976249694824 1.0 1.5955798625946045 1.0 1.627223014831543 1.0
1.9438872337341309 1.0 1.903451681137085 1.0 1.918154239654541 1.0 1.9008870124816895 1.0 1.9786264896392822 1.0 1.9212768077850342 1.0 1.8676633834838867 1.0 1.8734683990478516 1.0 1.933502197265625 1.0 1.9329001903533936 1.0
2.082824230194092 1.0 2.1451735496520996 1.0 2.172590494155884 1.0 2.1592235565185547 1.0 2.0931339263916016 1.0 2.203463077545166 1.0 2.2035531997680664 1.0 2.6542584896087646 1.0 2.6899449825286865 1.0 2.4040942192077637 1.0
2.347198724746704 1.0 2.466986656188965 1.0 2.5004992485046387 1.0 2.4479668140411377 1.0 2.4068703651428223 1.0 2.526448965072632 1.0 2.4869372844696045 1.0 2.412649631500244 1.0 2.4965150356292725 1.0 2.431591510772705 1.0
2.6476032733917236 1.0 2.7935872077941895 1.0 2.7134766578674316 1.0 2.689936399459839 1.0 2.8135790824890137 1.0 2.677208423614502 1.0 2.6941978931427 1.0 2.8479738235473633 1.0 3.4134132862091064 1.0 2.9679079055786133 1.0
0.02407073974609375 1.0 0.02346968650817871 1.0 0.023978233337402344 1.0 0.0237424373626709 1.0 0.02413201332092285 1.0 0.023866653442382812 1.0 0.02382063865661621 1.0 0.024199724197387695 1.0 0.023851394653320312 1.0 0.023762941360473633 1.0
0.054720401763916016 1.0 0.057335615158081055 1.0 0.05545163154602051 1.0 0.05471181869506836 1.0 0.0547335147857666 1.0 0.05640053749084473 1.0 0.05526590347290039 1.0 0.05535173416137695 1.0 0.05493426322937012 1.0 0.05610060691833496 1.0
0.10205936431884766 1.0 0.10033869743347168 1.0 0.10157489776611328 1.0 0.10148024559020996 1.0 0.0973207950592041 1.0 0.09358668327331543 1.0 0.09537744522094727 1.0 0.09693026542663574 1.0 0.09711575508117676 1.0 0.09662246704101562 1.0
0.15122485160827637 1.0 0.15321993827819824 1.0 0.15340113639831543 1.0 0.1517791748046875 1.0 0.15076255798339844 1.0 0.15509796142578125 1.0 0.15172076225280762 1.0 0.1500232219696045 1.0 0.1522226333618164 1.0 0.15561437606811523 1.0
0.23408269882202148 1.0 0.2406477928161621 1.0 0.23597192764282227 1.0 0.2387254238128662 1.0 0.23430109024047852 1.0 0.23775267601013184 1.0 0.24426484107971191 1.0 0.24730610847473145 1.0 0.25455784797668457 1.0 0.2469465732574463 1.0
0.33315467834472656 1.0 0.3462660312652588 1.0 0.3386194705963135 1.0 0.3392958641052246 1.0 0.3402535915374756 1.0 0.33690834045410156 1.0 0.3479423522949219 1.0 0.3371753692626953 1.0 0.38760828971862793 1.0 0.4306652545928955 1.0
0.5517306327819824 1.0 0.5816593170166016 1.0 0.5532913208007812 1.0 0.5455148220062256 1.0 0.585695743560791 1.0 0.5551276206970215 1.0 0.5850961208343506 1.0 0.47181010246276855 1.0 0.46328282356262207 1.0 0.46358823776245117 1.0
0.5937404632568359 1.0 0.5973212718963623 1.0 0.5671827793121338 1.0 0.576977014541626 1.0 0.5671231746673584 1.0 0.5656766891479492 1.0 0.568983793258667 1.0 0.5648491382598877 1.0 0.5741732120513916 1.0 0.597304105758667 1.0
0.7437357902526855 1.0 0.7415118217468262 1.0 0.7446115016937256 1.0 0.7440004348754883 1.0 0.7156031131744385 1.0 0.7052140235900879 1.0 0.6936640739440918 1.0 0.7021749019622803 1.0 0.7082023620605469 1.0 0.7113351821899414 1.0
0.9110987186431885 1.0 0.8994381427764893 1.0 0.8892061710357666 1.0 0.8906664848327637 1.0 1.1114153861999512 1.0 1.0970234870910645 1.0 1.0722243785858154 1.0 1.1067335605621338 1.0 1.0961790084838867 1.0 1.0992159843444824 1.0
1.298170566558838 1.0 1.1956307888031006 1.0 1.002199411392212 1.0 1.021756887435913 1.0 1.0811076164245605 1.0 1.0710511207580566 1.0 1.0665271282196045 1.0 1.0515668392181396 1.0 1.0180015563964844 1.0 1.0196704864501953 1.0
1.221278429031372 1.0 1.2527291774749756 1.0 1.2432403564453125 1.0 1.266268253326416 1.0 1.2473127841949463 1.0 1.2078955173492432 1.0 1.2067210674285889 1.0 1.2353250980377197 1.0 1.2728993892669678 1.0 1.2906811237335205 1.0
1.4545338153839111 1.0 1.4004154205322266 1.0 1.4045202732086182 1.0 1.4427242279052734 1.0 1.4790775775909424 1.0 1.4837069511413574 1.0 1.4145958423614502 1.0 1.4308443069458008 1.0 1.4410076141357422 1.0 1.4811415672302246 1.0
1.7205238342285156 1.0 1.6215970516204834 1.0 1.6419956684112549 1.0 1.752112865447998 1.0 1.7344272136688232 1.0 1.7219269275665283 1.0 1.6494030952453613 1.0 1.6364655494689941 1.0 1.6709482669830322 1.0 1.6662962436676025 1.0
2.2560935020446777 1.0 2.3355538845062256 1.0 2.8605940341949463 1.0 2.479522705078125 1.0 2.437560558319092 1.0 2.8555073738098145 1.0 2.3933944702148438 1.0 2.187249183654785 1.0 2.5302274227142334 1.0 2.333822727203369 1.0
2.396791458129883 1.0 2.4195241928100586 1.0 2.3900833129882812 1.0 2.6354963779449463 1.0 3.097397565841675 1.0 3.013721466064453 1.0 2.741830348968506 1.0 2.509470224380493 1.0 3.044337034225464 1.0 2.74357533454895 1.0
3.694131851196289 1.0 3.103424072265625 1.0 2.791834831237793 1.0 3.0909783840179443 1.0 3.4296987056732178 1.0 3.5869503021240234 1.0 3.127654790878296 1.0 2.7462158203125 1.0 3.0154166221618652 1.0 2.8323049545288086 1.0
3.1010215282440186 1.0 3.41560697555542 1.0 3.068293571472168 1.0 3.3365097045898438 1.0 3.1694657802581787 1.0 3.1453685760498047 1.0 3.351447105407715 1.0 3.10369610786438 1.0 3.4237589836120605 1.0 3.0501890182495117 1.0
0.023714542388916016 1.0 0.024556875228881836 1.0 0.025499582290649414 1.0 0.026950836181640625 1.0 0.027079343795776367 1.0 0.027248859405517578 1.0 0.02737116813659668 1.0 0.026465892791748047 1.0 0.026542186737060547 1.0 0.02687859535217285 1.0
0.05442070960998535 1.0 0.05707192420959473 1.0 0.06147503852844238 1.0 0.06154775619506836 1.0 0.06217670440673828 1.0 0.06360983848571777 1.0 0.06113839149475098 1.0 0.06061887741088867 1.0 0.06042361259460449 1.0 0.06179380416870117 1.0
0.11124324798583984 1.0 0.11058712005615234 1.0 0.10321736335754395 1.0 0.12137293815612793 1.0 0.12833094596862793 1.0 0.1261000633239746 1.0 0.12694311141967773 1.0 0.12745428085327148 1.0 0.12725329399108887 1.0 0.1048583984375 1.0
0.1673111915588379 1.0 0.2017040252685547 1.0 0.20198941230773926 1.0 0.19841790199279785 1.0 0.16956114768981934 1.0 0.2035534381866455 1.0 0.19984984397888184 1.0 0.1988835334777832 1.0 0.18462634086608887 1.0 0.17771172523498535 1.0
0.3085033893585205 1.0 0.32415342330932617 1.0 0.24941229820251465 1.0 0.3820157051086426 1.0 0.3856520652770996 1.0 0.3995339870452881 1.0 0.43651914596557617 1.0 0.24921321868896484 1.0 0.4036135673522949 1.0 0.37021303176879883 1.0
0.5807271003723145 1.0 0.47797060012817383 1.0 0.42712903022766113 1.0 0.39489197731018066 1.0 0.42569589614868164 1.0 0.4181849956512451 1.0 0.4186372756958008 1.0 0.4259517192840576 1.0 0.37177276611328125 1.0 0.43364644050598145 1.0
0.5463154315948486 1.0 0.5055036544799805 1.0 0.481250524520874 1.0 0.5169651508331299 1.0 0.5112969875335693 1.0 0.5012974739074707 1.0 0.5073628425598145 1.0 0.49878883361816406 1.0 0.4629690647125244 1.0 0.469437837600708 1.0
0.5985386371612549 1.0 0.602492094039917 1.0 0.6053709983825684 1.0 0.6159720420837402 1.0 0.6195182800292969 1.0 0.6448135375976562 1.0 0.6593091487884521 1.0 0.6591401100158691 1.0 0.6555368900299072 1.0 0.6597399711608887 1.0
0.760944128036499 1.0 0.7472877502441406 1.0 0.7550778388977051 1.0 0.7594501972198486 1.0 0.7566134929656982 1.0 0.7912323474884033 1.0 0.7881629467010498 1.0 0.7955482006072998 1.0 0.7935194969177246 1.0 0.805671215057373 1.0
1.1697015762329102 1.0 1.05816650390625 1.0 1.166259765625 1.0 1.1063213348388672 1.0 1.1245825290679932 1.0 1.0630974769592285 1.0 1.098585844039917 1.0 0.9196109771728516 1.0 0.9187202453613281 1.0 0.9112236499786377 1.0
1.1136515140533447 1.0 1.1776368618011475 1.0 1.1677052974700928 1.0 1.1533069610595703 1.0 1.3919737339019775 1.0 1.4497182369232178 1.0 1.3149185180664062 1.0 1.153104305267334 1.0 1.1756503582000732 1.0 1.1392464637756348 1.0
1.506941795349121 1.0 1.561706304550171 1.0 1.4837820529937744 1.0 1.2886145114898682 1.0 1.311502456665039 1.0 1.321143627166748 1.0 1.375196933746338 1.0 1.3948149681091309 1.0 1.315809965133667 1.0 1.3080971240997314 1.0
1.5108642578125 1.0 1.598869800567627 1.0 1.5626540184020996 1.0 1.562767744064331 1.0 1.501739501953125 1.0 1.525852918624878 1.0 1.5904979705810547 1.0 1.6132786273956299 1.0 1.5538349151611328 1.0 1.5038716793060303 1.0
1.7581238746643066 1.0 1.8722047805786133 1.0 1.8608829975128174 1.0 2.2600746154785156 1.0 2.1804165840148926 1.0 1.8656647205352783 1.0 1.820260763168335 1.0 1.7325410842895508 1.0 1.7013542652130127 1.0 1.7926616668701172 1.0
2.144566774368286 1.0 2.68228816986084 1.0 2.410916328430176 1.0 2.1335575580596924 1.0 2.040313720703125 1.0 2.004079580307007 1.0 2.105560302734375 1.0 2.1038198471069336 1.0 2.482238292694092 1.0 2.436688184738159 1.0
2.3932838439941406 1.0 2.2685492038726807 1.0 2.226573944091797 1.0 2.4398670196533203 1.0 2.3061816692352295 1.0 2.2418923377990723 1.0 2.367403030395508 1.0 2.3980932235717773 1.0 2.247222423553467 1.0 2.3233072757720947 1.0
2.71342134475708 1.0 3.3737382888793945 1.0 2.8562636375427246 1.0 2.718327283859253 1.0 2.565925359725952 1.0 2.7713775634765625 1.0 2.7228915691375732 1.0 2.5728557109832764 1.0 2.749094247817993 1.0 2.953033924102783 1.0
3.4341094493865967 1.0 3.0014266967773438 1.0 2.8263771533966064 1.0 3.042083263397217 1.0 2.9651362895965576 1.0 2.8721487522125244 1.0 3.0453977584838867 1.0 2.919070243835449 1.0 3.0086333751678467 1.0 2.947584629058838 1.0
0.024651765823364258 1.0 0.024014949798583984 1.0 0.024515390396118164 1.0 0.024609088897705078 1.0 0.024717330932617188 1.0 0.02395009994506836 1.0 0.024216413497924805 1.0 0.024174213409423828 1.0 0.0243377685546875 1.0 0.024100303649902344 1.0
0.05522584915161133 1.0 0.05754208564758301 1.0 0.055991411209106445 1.0 0.05570030212402344 1.0 0.0564727783203125 1.0 0.057930946350097656 1.0 0.05611062049865723 1.0 0.05603194236755371 1.0 0.05783796310424805 1.0 0.0578923225402832 1.0
0.1048130989074707 1.0 0.10303020477294922 1.0 0.10332512855529785 1.0 0.10397171974182129 1.0 0.10299110412597656 1.0 0.10113644599914551 1.0 0.10159015655517578 1.0 0.10162663459777832 1.0 0.10265135765075684 1.0 0.10287618637084961 1.0
0.16176939010620117 1.0 0.16302943229675293 1.0 0.16373443603515625 1.0 0.15992212295532227 1.0 0.16225218772888184 1.0 0.17217493057250977 1.0 0.17534852027893066 1.0 0.16229963302612305 1.0 0.17316150665283203 1.0 0.17068982124328613 1.0
0.2710130214691162 1.0 0.2763223648071289 1.0 0.2630300521850586 1.0 0.2781808376312256 1.0 0.2718687057495117 1.0 0.27560997009277344 1.0 0.27313733100891113 1.0 0.25754308700561523 1.0 0.2800307273864746 1.0 0.2507965564727783 1.0
0.35530519485473633 1.0 0.3522913455963135 1.0 0.3379781246185303 1.0 0.3454148769378662 1.0 0.34462738037109375 1.0 0.34581661224365234 1.0 0.35379862785339355 1.0 0.3422129154205322 1.0 0.34571361541748047 1.0 0.3613014221191406 1.0
0.4795494079589844 1.0 0.5075125694274902 1.0 0.49753379821777344 1.0 0.5144133567810059 1.0 0.5160388946533203 1.0 0.5093188285827637 1.0 0.5161023139953613 1.0 0.5104727745056152 1.0 0.47481274604797363 1.0 0.47013330459594727 1.0
0.6075756549835205 1.0 0.6075491905212402 1.0 0.6086418628692627 1.0 0.6241457462310791 1.0 0.6216654777526855 1.0 0.6472170352935791 1.0 0.651139497756958 1.0 0.6189670562744141 1.0 0.6517612934112549 1.0 0.6669793128967285 1.0
0.7944979667663574 1.0 0.757732629776001 1.0 0.7511827945709229 1.0 0.7587583065032959 1.0 0.7568509578704834 1.0 0.7987713813781738 1.0 0.7892353534698486 1.0 0.8034958839416504 1.0 0.806694746017456 1.0 0.8002090454101562 1.0
0.9417128562927246 1.0 0.9158320426940918 1.0 0.9003684520721436 1.0 0.9053387641906738 1.0 0.990454912185669 1.0 0.9938745498657227 1.0 0.998253583908081 1.0 0.9825572967529297 1.0 0.9285702705383301 1.0 0.9144198894500732 1.0
1.1204876899719238 1.0 1.1085259914398193 1.0 1.154203176498413 1.0 1.169435739517212 1.0 1.1834716796875 1.0 1.107919692993164 1.0 1.0902132987976074 1.0 1.0770008563995361 1.0 1.1237664222717285 1.0 1.1653962135314941 1.0
1.3968682289123535 1.0 1.3829312324523926 1.0 1.269411563873291 1.0 1.2963099479675293 1.0 1.3046910762786865 1.0 1.2849805355072021 1.0 1.2847223281860352 1.0 1.4156887531280518 1.0 1.5513756275177002 1.0 1.557800054550171 1.0
1.553264856338501 1.0 1.5007312297821045 1.0 1.5396132469177246 1.0 1.6211357116699219 1.0 1.6051740646362305 1.0 1.537907600402832 1.0 1.5355088710784912 1.0 1.5767829418182373 1.0 1.6304583549499512 1.0 1.618483304977417 1.0
1.759190559387207 1.0 1.747370958328247 1.0 1.8446261882781982 1.0 1.910853385925293 1.0 1.7607085704803467 1.0 1.759260892868042 1.0 1.8198449611663818 1.0 1.868811845779419 1.0 1.740800142288208 1.0 1.6824359893798828 1.0
1.9624812602996826 1.0 2.000037431716919 1.0 2.249448537826538 1.0 2.382737159729004 1.0 2.113391399383545 1.0 2.011007308959961 1.0 2.152501106262207 1.0 2.111158609390259 1.0 1.975285530090332 1.0 2.0590453147888184 1.0
2.3755428791046143 1.0 2.3016505241394043 1.0 2.2041361331939697 1.0 2.265610694885254 1.0 2.282827854156494 1.0 2.695847988128662 1.0 2.383343458175659 1.0 2.262521982192993 1.0 2.4322590827941895 1.0 2.370532512664795 1.0
2.4770607948303223 1.0 2.5737948417663574 1.0 2.6712355613708496 1.0 3.1434810161590576 1.0 2.5492568016052246 1.0 2.6683120727539062 1.0 2.799255847930908 1.0 2.525109052658081 1.0 2.5370309352874756 1.0 2.5677852630615234 1.0
3.3737411499023438 1.0 2.935892105102539 1.0 2.9677834510803223 1.0 3.207932710647583 1.0 3.6227145195007324 1.0 3.057063102722168 1.0 2.8321738243103027 1.0 3.0351216793060303 1.0 3.0356545448303223 1.0 2.794680595397949 1.0
0.02680659294128418 1.0 0.025331735610961914 1.0 0.025933027267456055 1.0 0.027665376663208008 1.0 0.027610301971435547 1.0 0.027414560317993164 1.0 0.028162240982055664 1.0 0.027252197265625 1.0 0.027188539505004883 1.0 0.027591228485107422 1.0
0.0634772777557373 1.0 0.0631399154663086 1.0 0.05804944038391113 1.0 0.05547738075256348 1.0 0.059345245361328125 1.0 0.06404471397399902 1.0 0.0620274543762207 1.0 0.06374669075012207 1.0 0.06178402900695801 1.0 0.06462264060974121 1.0
0.11325502395629883 1.0 0.11118650436401367 1.0 0.11154556274414062 1.0 0.10506868362426758 1.0 0.10227108001708984 1.0 0.11030912399291992 1.0 0.11056947708129883 1.0 0.11136269569396973 1.0 0.11171650886535645 1.0 0.11215353012084961 1.0
0.17167448997497559 1.0 0.17658090591430664 1.0 0.1771087646484375 1.0 0.1739671230316162 1.0 0.17598962783813477 1.0 0.17610836029052734 1.0 0.17235708236694336 1.0 0.17386555671691895 1.0 0.16817283630371094 1.0 0.16240334510803223 1.0
0.24608325958251953 1.0 0.2550389766693115 1.0 0.24882292747497559 1.0 0.253859281539917 1.0 0.24475502967834473 1.0 0.25614047050476074 1.0 0.2557108402252197 1.0 0.2507052421569824 1.0 0.2585716247558594 1.0 0.25257110595703125 1.0
0.3501095771789551 1.0 0.35383033752441406 1.0 0.35715365409851074 1.0 0.36403751373291016 1.0 0.37612271308898926 1.0 0.3727555274963379 1.0 0.36510324478149414 1.0 0.3748435974121094 1.0 0.36449599266052246 1.0 0.38012194633483887 1.0
0.5148074626922607 1.0 0.5121228694915771 1.0 0.46935176849365234 1.0 0.4775567054748535 1.0 0.47294020652770996 1.0 0.4752225875854492 1.0 0.47171807289123535 1.0 0.4809129238128662 1.0 0.46891188621520996 1.0 0.48326730728149414 1.0
0.6373229026794434 1.0 0.6581845283508301 1.0 0.6603541374206543 1.0 0.6587963104248047 1.0 0.6568746566772461 1.0 0.6275670528411865 1.0 0.6023790836334229 1.0 0.5935153961181641 1.0 0.6027576923370361 1.0 0.5985479354858398 1.0
0.755699872970581 1.0 0.7498390674591064 1.0 0.7574050426483154 1.0 0.7609260082244873 1.0 0.7634294033050537 1.0 0.7545242309570312 1.0 0.7459909915924072 1.0 0.8583884239196777 1.0 0.8887431621551514 1.0 0.9048511981964111 1.0
1.0706136226654053 1.0 0.9223456382751465 1.0 0.8982467651367188 1.0 0.898867130279541 1.0 0.9519381523132324 1.0 0.9648952484130859 1.0 0.9816436767578125 1.0 0.9794414043426514 1.0 0.9621355533599854 1.0 0.8937797546386719 1.0
1.1086101531982422 1.0 1.1011419296264648 1.0 1.1024651527404785 1.0 1.095768928527832 1.0 1.125251293182373 1.0 1.1131863594055176 1.0 1.2863435745239258 1.0 1.2879996299743652 1.0 1.2788538932800293 1.0 1.0857324600219727 1.0
1.2912113666534424 1.0 1.305675745010376 1.0 1.3674342632293701 1.0 1.395636796951294 1.0 1.3887455463409424 1.0 1.2821297645568848 1.0 1.2873921394348145 1.0 1.31044602394104 1.0 1.407461166381836 1.0 1.406179428100586 1.0
1.5479474067687988 1.0 1.4736270904541016 1.0 1.469533920288086 1.0 1.495361089706421 1.0 1.5260984897613525 1.0 1.7610220909118652 1.0 1.8002185821533203 1.0 1.7366642951965332 1.0 1.5063211917877197 1.0 1.5248985290527344 1.0
1.8831806182861328 1.0 1.878575325012207 1.0 1.7587544918060303 1.0 1.7754249572753906 1.0 1.8373289108276367 1.0 1.919672966003418 1.0 1.7605218887329102 1.0 1.7582178115844727 1.0 1.71476411819458 1.0 1.7092654705047607 1.0
2.073593854904175 1.0 2.317260980606079 1.0 2.2291464805603027 1.0 2.005260944366455 1.0 2.1368348598480225 1.0 2.1758198738098145 1.0 2.0151734352111816 1.0 1.9888124465942383 1.0 2.141261100769043 1.0 2.1334099769592285 1.0
2.224392890930176 1.0 2.3292746543884277 1.0 2.351672649383545 1.0 2.2848596572875977 1.0 2.2045555114746094 1.0 2.2583019733428955 1.0 2.412463426589966 1.0 2.5690951347351074 1.0 2.3531813621520996 1.0 2.286968946456909 1.0
2.7381432056427 1.0 2.5995872020721436 1.0 2.5266218185424805 1.0 2.622387409210205 1.0 2.8431320190429688 1.0 2.9324395656585693 1.0 2.6042320728302 1.0 2.727102518081665 1.0 2.6133971214294434 1.0 2.538580894470215 1.0
2.985332489013672 1.0 2.906567335128784 1.0 2.925402879714966 1.0 3.0441935062408447 1.0 3.7065372467041016 1.0 3.0543606281280518 1.0 2.8787572383880615 1.0 2.973324775695801 1.0 3.082947254180908 1.0 2.788391351699829 1.0
0.025527000427246094 1.0 0.024133682250976562 1.0 0.024726390838623047 1.0 0.02603316307067871 1.0 0.025081872940063477 1.0 0.0262603759765625 1.0 0.025702238082885742 1.0 0.02544260025024414 1.0 0.025487184524536133 1.0 0.025358200073242188 1.0
0.0576324462890625 1.0 0.057935237884521484 1.0 0.05786538124084473 1.0 0.05652427673339844 1.0 0.05757713317871094 1.0 0.05849027633666992 1.0 0.0599207878112793 1.0 0.06203460693359375 1.0 0.06085705757141113 1.0 0.06181645393371582 1.0
0.10445451736450195 1.0 0.11143755912780762 1.0 0.1118009090423584 1.0 0.11142158508300781 1.0 0.11263561248779297 1.0 0.1097707748413086 1.0 0.11049365997314453 1.0 0.11199617385864258 1.0 0.10091066360473633 1.0 0.11194825172424316 1.0
0.17598223686218262 1.0 0.1773073673248291 1.0 0.1636652946472168 1.0 0.1729109287261963 1.0 0.16474580764770508 1.0 0.17719817161560059 1.0 0.17511487007141113 1.0 0.17344999313354492 1.0 0.1746692657470703 1.0 0.17410588264465332 1.0
0.2689173221588135 1.0 0.2694568634033203 1.0 0.2489490509033203 1.0 0.25390148162841797 1.0 0.24806904792785645 1.0 0.25370121002197266 1.0 0.25455713272094727 1.0 0.2485055923461914 1.0 0.2560555934906006 1.0 0.2511148452758789 1.0
0.34879112243652344 1.0 0.34945011138916016 1.0 0.34419822692871094 1.0 0.3479187488555908 1.0 0.35660457611083984 1.0 0.35154247283935547 1.0 0.38285374641418457 1.0 0.3617980480194092 1.0 0.37688493728637695 1.0 0.36403608322143555 1.0
0.49569106101989746 1.0 0.5058193206787109 1.0 0.4741477966308594 1.0 0.49242067337036133 1.0 0.47131800651550293 1.0 0.47743725776672363 1.0 0.47522902488708496 1.0 0.4742252826690674 1.0 0.47028326988220215 1.0 0.47165417671203613 1.0
0.6046152114868164 1.0 0.6505181789398193 1.0 0.6507551670074463 1.0 0.665184736251831 1.0 0.642573356628418 1.0 0.642103910446167 1.0 0.6504604816436768 1.0 0.5978798866271973 1.0 0.6041018962860107 1.0 0.6051783561706543 1.0
0.7524538040161133 1.0 0.7542181015014648 1.0 0.7712926864624023 1.0 0.8181600570678711 1.0 0.814061164855957 1.0 0.8075046539306641 1.0 0.787508487701416 1.0 0.7566812038421631 1.0 0.7473917007446289 1.0 0.7461183071136475 1.0
0.9349002838134766 1.0 0.9216692447662354 1.0 0.9564766883850098 1.0 0.9596431255340576 1.0 0.9965400695800781 1.0 0.9518883228302002 1.0 0.9112908840179443 1.0 0.9241938591003418 1.0 0.9198741912841797 1.0 0.908111572265625 1.0
1.195868968963623 1.0 1.1686575412750244 1.0 1.1638507843017578 1.0 1.0934381484985352 1.0 1.1260974407196045 1.0 1.089430809020996 1.0 1.1048824787139893 1.0 1.15657377243042 1.0 1.178072452545166 1.0 1.1733572483062744 1.0
1.2888734340667725 1.0 1.3136670589447021 1.0 1.29011869430542 1.0 1.3934333324432373 1.0 1.4170215129852295 1.0 1.3263061046600342 1.0 1.271815538406372 1.0 1.2940642833709717 1.0 1.311384916305542 1.0 1.4016859531402588 1.0
1.6291818618774414 1.0 1.50870680809021 1.0 1.5092153549194336 1.0 1.5053210258483887 1.0 1.6250770092010498 1.0 1.6295652389526367 1.0 1.533980369567871 1.0 1.4985699653625488 1.0 1.5161290168762207 1.0 1.634796380996704 1.0
1.8563945293426514 1.0 2.2621567249298096 1.0 2.149590015411377 1.0 1.8845977783203125 1.0 1.8437607288360596 1.0 1.7509288787841797 1.0 1.7240982055664062 1.0 1.8658227920532227 1.0 1.8260157108306885 1.0 1.710801362991333 1.0
1.9894404411315918 1.0 2.1088972091674805 1.0 2.190065622329712 1.0 1.98759126663208 1.0 2.030444622039795 1.0 2.1614937782287598 1.0 2.088212490081787 1.0 1.9715161323547363 1.0 2.015815019607544 1.0 2.1609177589416504 1.0
2.267598867416382 1.0 2.2459168434143066 1.0 2.394646644592285 1.0 2.4151341915130615 1.0 2.2338836193084717 1.0 2.3679468631744385 1.0 2.435959577560425 1.0 2.2755320072174072 1.0 2.315361738204956 1.0 2.4739372730255127 1.0
2.5974223613739014 1.0 2.6331849098205566 1.0 2.783735752105713 1.0 2.678230047225952 1.0 2.601351022720337 1.0 2.781750202178955 1.0 2.6717212200164795 1.0 2.6508262157440186 1.0 2.7942047119140625 1.0 3.1757473945617676 1.0
3.1449902057647705 1.0 2.9593803882598877 1.0 2.9030661582946777 1.0 3.088977098464966 1.0 2.8912322521209717 1.0 2.973320722579956 1.0 2.9972920417785645 1.0 2.92199969291687 1.0 3.1209940910339355 1.0 2.8645823001861572 1.0
0.025052785873413086 1.0 0.024478912353515625 1.0 0.024974822998046875 1.0 0.026922225952148438 1.0 0.026090621948242188 1.0 0.025604963302612305 1.0 0.026097774505615234 1.0 0.025926828384399414 1.0 0.024523496627807617 1.0 0.025388240814208984 1.0
0.05773758888244629 1.0 0.05815601348876953 1.0 0.05587959289550781 1.0 0.05820655822753906 1.0 0.056581974029541016 1.0 0.058371543884277344 1.0 0.05739569664001465 1.0 0.05687832832336426 1.0 0.05663895606994629 1.0 0.057167768478393555 1.0
0.10433173179626465 1.0 0.10268235206604004 1.0 0.10383725166320801 1.0 0.10428953170776367 1.0 0.10265088081359863 1.0 0.10106849670410156 1.0 0.10249137878417969 1.0 0.10936570167541504 1.0 0.10351061820983887 1.0 0.11295413970947266 1.0
0.17744088172912598 1.0 0.18057012557983398 1.0 0.17901301383972168 1.0 0.17323827743530273 1.0 0.1710186004638672 1.0 0.17956328392028809 1.0 0.16087889671325684 1.0 0.17566537857055664 1.0 0.1763613224029541 1.0 0.1720595359802246 1.0
0.2709226608276367 1.0 0.27730226516723633 1.0 0.26597166061401367 1.0 0.2771883010864258 1.0 0.27172112464904785 1.0 0.26825451850891113 1.0 0.2521374225616455 1.0 0.2514801025390625 1.0 0.2579202651977539 1.0 0.25435614585876465 1.0
0.3505828380584717 1.0 0.3533773422241211 1.0 0.3439033031463623 1.0 0.3480346202850342 1.0 0.3476073741912842 1.0 0.349773645401001 1.0 0.3583354949951172 1.0 0.3531196117401123 1.0 0.3679831027984619 1.0 0.38277721405029297 1.0
0.5010349750518799 1.0 0.5119102001190186 1.0 0.5098330974578857 1.0 0.5138165950775146 1.0 0.5219626426696777 1.0 0.4897732734680176 1.0 0.4754517078399658 1.0 0.47550129890441895 1.0 0.47228431701660156 1.0 0.47381091117858887 1.0
0.6038458347320557 1.0 0.6089272499084473 1.0 0.6211590766906738 1.0 0.6761133670806885 1.0 0.6506791114807129 1.0 0.6507086753845215 1.0 0.6648752689361572 1.0 0.6468262672424316 1.0 0.6295139789581299 1.0 0.6126701831817627 1.0
0.7631516456604004 1.0 0.7617449760437012 1.0 0.765993595123291 1.0 0.7787249088287354 1.0 0.8232083320617676 1.0 0.8273484706878662 1.0 0.803006649017334 1.0 0.7762610912322998 1.0 0.7717187404632568 1.0 0.7496955394744873 1.0
0.9450106620788574 1.0 0.9241037368774414 1.0 0.9249846935272217 1.0 0.9663262367248535 1.0 1.0261456966400146 1.0 0.9974582195281982 1.0 0.9581942558288574 1.0 0.9289844036102295 1.0 0.9276313781738281 1.0 0.9182555675506592 1.0
1.1565098762512207 1.0 1.1965446472167969 1.0 1.1889314651489258 1.0 1.1612255573272705 1.0 1.1300647258758545 1.0 1.1005029678344727 1.0 1.0980756282806396 1.0 1.1459112167358398 1.0 1.1848950386047363 1.0 1.1511573791503906 1.0
1.358389139175415 1.0 1.3102734088897705 1.0 1.2856481075286865 1.0 1.3711400032043457 1.0 1.4187507629394531 1.0 1.402174711227417 1.0 1.300640344619751 1.0 1.308264970779419 1.0 1.3088016510009766 1.0 1.4206619262695312 1.0
1.6574840545654297 1.0 1.5804433822631836 1.0 1.5055627822875977 1.0 1.5029172897338867 1.0 1.634894609451294 1.0 1.6617510318756104 1.0 1.5865952968597412 1.0 1.5156702995300293 1.0 1.5147624015808105 1.0 1.649181842803955 1.0
1.9098021984100342 1.0 1.767120361328125 1.0 1.7454848289489746 1.0 1.8895699977874756 1.0 1.892561912536621 1.0 1.832360029220581 1.0 1.7460663318634033 1.0 1.8289198875427246 1.0 1.849116563796997 1.0 1.8048102855682373 1.0
2.0076615810394287 1.0 2.068363904953003 1.0 2.202385425567627 1.0 2.3286404609680176 1.0 2.69343638420105 1.0 2.1867427825927734 1.0 2.1151480674743652 1.0 1.987748622894287 1.0 2.0691542625427246 1.0 2.1957480907440186 1.0
2.2848377227783203 1.0 2.271095037460327 1.0 2.4013240337371826 1.0 2.3934149742126465 1.0 2.2501416206359863 1.0 2.3855888843536377 1.0 2.470407724380493 1.0 2.731638193130493 1.0 2.6459386348724365 1.0 2.444166898727417 1.0
3.0636653900146484 1.0 2.858719825744629 1.0 2.927906036376953 1.0 3.0551676750183105 1.0 2.7439000606536865 1.0 2.619427442550659 1.0 2.7052013874053955 1.0 2.7711122035980225 1.0 3.307091474533081 1.0 2.906831741333008 1.0
3.165104389190674 1.0 3.3628575801849365 1.0 3.101003885269165 1.0 3.519667387008667 1.0 3.1269845962524414 1.0 3.3448898792266846 1.0 3.217556953430176 1.0 3.247030258178711 1.0 3.4409172534942627 1.0 3.003620147705078 1.0
0.02687668800354004 1.0 0.026897192001342773 1.0 0.027234315872192383 1.0 0.027326583862304688 1.0 0.02702498435974121 1.0 0.02667379379272461 1.0 0.02600383758544922 1.0 0.023440122604370117 1.0 0.024074077606201172 1.0 0.024892330169677734 1.0
0.06409263610839844 1.0 0.0726315975189209 1.0 0.07023310661315918 1.0 0.0697629451751709 1.0 0.07080531120300293 1.0 0.07216143608093262 1.0 0.070068359375 1.0 0.07028818130493164 1.0 0.0703270435333252 1.0 0.07142758369445801 1.0
0.10356378555297852 1.0 0.12084555625915527 1.0 0.12822699546813965 1.0 0.12811279296875 1.0 0.1279757022857666 1.0 0.12576031684875488 1.0 0.1268916130065918 1.0 0.10363459587097168 1.0 0.12273430824279785 1.0 0.12987399101257324 1.0
0.20216107368469238 1.0 0.20289254188537598 1.0 0.18650341033935547 1.0 0.1714770793914795 1.0 0.2069532871246338 1.0 0.20359420776367188 1.0 0.20341253280639648 1.0 0.16602134704589844 1.0 0.16487479209899902 1.0 0.1656174659729004 1.0
0.24672460556030273 1.0 0.2508978843688965 1.0 0.25013160705566406 1.0 0.2528393268585205 1.0 0.24816346168518066 1.0 0.24718809127807617 1.0 0.2548651695251465 1.0 0.2489793300628662 1.0 0.25644397735595703 1.0 0.25075745582580566 1.0
0.34528255462646484 1.0 0.3515009880065918 1.0 0.37050676345825195 1.0 0.37017154693603516 1.0 0.35669684410095215 1.0 0.37569332122802734 1.0 0.38222479820251465 1.0 0.3640310764312744 1.0 0.3754551410675049 1.0 0.37450098991394043 1.0
0.5199100971221924 1.0 0.5222969055175781 1.0 0.647346019744873 1.0 0.6245293617248535 1.0 0.5971205234527588 1.0 0.6520695686340332 1.0 0.6071417331695557 1.0 0.5758092403411865 1.0 0.5158243179321289 1.0 0.5006763935089111 1.0
0.649770975112915 1.0 0.6559324264526367 1.0 0.6503913402557373 1.0 0.6603612899780273 1.0 0.6051478385925293 1.0 0.5987522602081299 1.0 0.6053094863891602 1.0 0.6021544933319092 1.0 0.6067078113555908 1.0 0.6094491481781006 1.0
0.8136382102966309 1.0 0.7840228080749512 1.0 0.7854886054992676 1.0 0.776146411895752 1.0 0.8070931434631348 1.0 0.7489926815032959 1.0 0.7388389110565186 1.0 0.7397518157958984 1.0 0.7459251880645752 1.0 0.7482290267944336 1.0
0.9840402603149414 1.0 0.9602513313293457 1.0 0.9735767841339111 1.0 0.9711387157440186 1.0 1.2473089694976807 1.0 1.252680778503418 1.0 1.1414976119995117 1.0 1.109501600265503 1.0 1.1195671558380127 1.0 1.0953073501586914 1.0
1.2105607986450195 1.0 1.0941650867462158 1.0 1.081779956817627 1.0 1.0897061824798584 1.0 1.2191481590270996 1.0 1.165893316268921 1.0 1.183924913406372 1.0 1.381373643875122 1.0 1.4913430213928223 1.0 1.357046365737915 1.0
1.389812707901001 1.0 1.3935668468475342 1.0 1.3355605602264404 1.0 1.29585599899292 1.0 1.3083500862121582 1.0 1.3310401439666748 1.0 1.3561022281646729 1.0 1.4085972309112549 1.0 1.3208935260772705 1.0 1.3307433128356934 1.0
1.5313551425933838 1.0 1.6070029735565186 1.0 1.6138458251953125 1.0 1.5366830825805664 1.0 1.5013830661773682 1.0 1.5322420597076416 1.0 1.642759084701538 1.0 1.6212921142578125 1.0 1.5498156547546387 1.0 1.5205097198486328 1.0
1.776465654373169 1.0 1.8800926208496094 1.0 1.8644952774047852 1.0 1.77730131149292 1.0 1.7469277381896973 1.0 1.9193708896636963 1.0 1.9009621143341064 1.0 1.7494580745697021 1.0 1.7109861373901367 1.0 1.8012773990631104 1.0
2.1493782997131348 1.0 2.0286662578582764 1.0 2.0408620834350586 1.0 2.1320879459381104 1.0 2.1722264289855957 1.0 2.0198445320129395 1.0 2.016366481781006 1.0 2.136476993560791 1.0 2.0303683280944824 1.0 2.018360137939453 1.0
2.291614294052124 1.0 2.462556838989258 1.0 2.2611324787139893 1.0 2.299612045288086 1.0 2.420354127883911 1.0 2.350886106491089 1.0 2.268500328063965 1.0 2.41316294670105 1.0 2.41434383392334 1.0 2.272263526916504 1.0
2.6581804752349854 1.0 2.7632858753204346 1.0 2.5469284057617188 1.0 2.7348215579986572 1.0 2.678165912628174 1.0 2.5641121864318848 1.0 2.627741575241089 1.0 2.707085132598877 1.0 3.089278221130371 1.0 2.5636165142059326 1.0
2.9338929653167725 1.0 2.995819330215454 1.0 2.8436713218688965 1.0 3.0091066360473633 1.0 2.954115867614746 1.0 2.8877954483032227 1.0 3.055569887161255 1.0 2.9026660919189453 1.0 3.016395092010498 1.0 2.9116339683532715 1.0
0.023774385452270508 1.0 0.024524927139282227 1.0 0.023904085159301758 1.0 0.026029348373413086 1.0 0.02438521385192871 1.0 0.023778438568115234 1.0 0.023738861083984375 1.0 0.024467945098876953 1.0 0.0236663818359375 1.0 0.02385687828063965 1.0
0.05680131912231445 1.0 0.05605196952819824 1.0 0.05795025825500488 1.0 0.0546114444732666 1.0 0.06043744087219238 1.0 0.05576610565185547 1.0 0.05619001388549805 1.0 0.05700564384460449 1.0 0.05717301368713379 1.0 0.05695962905883789 1.0
0.10111427307128906 1.0 0.10339856147766113 1.0 0.10261034965515137 1.0 0.10056138038635254 1.0 0.10196423530578613 1.0 0.10005593299865723 1.0 0.10278606414794922 1.0 0.10196304321289062 1.0 0.10155391693115234 1.0 0.10116291046142578 1.0
0.15910077095031738 1.0 0.1588881015777588 1.0 0.15886735916137695 1.0 0.1588890552520752 1.0 0.15855836868286133 1.0 0.16413426399230957 1.0 0.1608433723449707 1.0 0.15938830375671387 1.0 0.16032075881958008 1.0 0.163954496383667 1.0
0.25116705894470215 1.0 0.2532835006713867 1.0 0.2503848075866699 1.0 0.25368237495422363 1.0 0.24814605712890625 1.0 0.2519259452819824 1.0 0.25199198722839355 1.0 0.2539646625518799 1.0 0.25841760635375977 1.0 0.25470542907714844 1.0
0.3751678466796875 1.0 0.43822383880615234 1.0 0.39289331436157227 1.0 0.4377281665802002 1.0 0.35068726539611816 1.0 0.4209721088409424 1.0 0.40925168991088867 1.0 0.4126307964324951 1.0 0.4281280040740967 1.0 0.3958613872528076 1.0
0.4734194278717041 1.0 0.4610738754272461 1.0 0.4696533679962158 1.0 0.47480297088623047 1.0 0.47386908531188965 1.0 0.46936702728271484 1.0 0.47727513313293457 1.0 0.4849259853363037 1.0 0.51072096824646 1.0 0.4930388927459717 1.0
0.6159257888793945 1.0 0.6618473529815674 1.0 0.6448299884796143 1.0 0.6491243839263916 1.0 0.6022460460662842 1.0 0.5990946292877197 1.0 0.6102495193481445 1.0 0.6013388633728027 1.0 0.6052436828613281 1.0 0.6065402030944824 1.0
0.8051533699035645 1.0 0.8214125633239746 1.0 0.8020126819610596 1.0 0.8090379238128662 1.0 0.8004727363586426 1.0 0.7477774620056152 1.0 0.7431633472442627 1.0 0.7408053874969482 1.0 0.7509219646453857 1.0 0.7487277984619141 1.0
1.0111429691314697 1.0 0.9712855815887451 1.0 0.975600004196167 1.0 0.9892778396606445 1.0 1.2081377506256104 1.0 1.2110505104064941 1.0 1.2127017974853516 1.0 1.0205607414245605 1.0 0.9609291553497314 1.0 0.988316535949707 1.0
1.1822013854980469 1.0 1.0922596454620361 1.0 1.0818920135498047 1.0 1.0799753665924072 1.0 1.1844186782836914 1.0 1.1926794052124023 1.0 1.171509027481079 1.0 1.1021883487701416 1.0 1.0875623226165771 1.0 1.095216989517212 1.0
1.3350169658660889 1.0 1.4259440898895264 1.0 1.399517297744751 1.0 1.3302154541015625 1.0 1.3057587146759033 1.0 1.2842919826507568 1.0 1.3361740112304688 1.0 1.4075520038604736 1.0 1.3950343132019043 1.0 1.334709882736206 1.0
1.5271217823028564 1.0 1.5063505172729492 1.0 1.6080107688903809 1.0 1.6210644245147705 1.0 1.5259580612182617 1.0 1.5344030857086182 1.0 1.5321123600006104 1.0 1.631974697113037 1.0 1.643697738647461 1.0 1.5501267910003662 1.0
1.7461731433868408 1.0 1.8236024379730225 1.0 1.8696095943450928 1.0 1.859813928604126 1.0 1.7482128143310547 1.0 1.8082191944122314 1.0 1.861144781112671 1.0 1.860579252243042 1.0 1.731278419494629 1.0 1.723590612411499 1.0
2.1191565990448 1.0 2.1156296730041504 1.0 2.026831865310669 1.0 2.0370428562164307 1.0 2.1622655391693115 1.0 2.072798728942871 1.0 1.9926741123199463 1.0 2.0669565200805664 1.0 2.1478354930877686 1.0 2.051036834716797 1.0
2.231508493423462 1.0 2.4383461475372314 1.0 2.3459017276763916 1.0 2.269075632095337 1.0 2.345629930496216 1.0 2.4245214462280273 1.0 2.2472946643829346 1.0 2.309779405593872 1.0 2.46448016166687 1.0 2.289598226547241 1.0
2.4719793796539307 1.0 2.5779662132263184 1.0 2.846184253692627 1.0 3.025770425796509 1.0 2.521470785140991 1.0 2.727674722671509 1.0 2.7282071113586426 1.0 2.5327398777008057 1.0 2.5429413318634033 1.0 2.686641216278076 1.0
3.3079559803009033 1.0 2.921438455581665 1.0 3.098057985305786 1.0 2.9561731815338135 1.0 3.0216336250305176 1.0 3.0822572708129883 1.0 2.861564874649048 1.0 3.1002447605133057 1.0 3.0542211532592773 1.0 2.940863609313965 1.0
