100 2 55
-7.876042059442466936e+00 8.302530015681739428e+00
-1.051489472226631250e+01 -4.778722521779541488e+00
-1.946786222093465746e+00 2.419775181918251139e-01
-6.883506671542760635e+00 4.041732063408779219e+00
6.355739971861253945e-01 2.013983327220045361e+00
-6.773776628513234144e+00 9.175487015920227307e+00
1.419409138030022777e-01 2.678575251033390447e+00
6.491323137296895140e+00 1.541146635957199695e+00
1.094302365692772128e+01 3.856060131350119491e+00
-6.365016152500009738e+00 -1.439379683814568267e+00
6.950423833881841595e+00 -7.746445910460120210e+00
-1.725838691506593747e+00 -7.958443683363088716e+00
9.537835805609947926e+00 9.325969468992887812e+00
-9.078762019540345563e+00 -1.530782629089685987e+00
-1.269411240575448074e+00 7.069222359549113932e+00
6.115234856928702278e+00 2.163418805570380243e+00
1.945406715740295001e+00 1.037067417731949348e+01
6.491263496276864053e+00 1.737765337253221354e+00
8.461272653291953105e+00 -7.166639004462395768e+00
8.444345712214907707e+00 7.880292367737863124e+00
8.384067140443747235e+00 9.431399353033453892e+00
-8.408644110055098153e+00 2.055494252702070312e+00
8.166619982461488902e+00 9.781311229186970380e+00
6.321873312942039469e+00 -9.547848072752250559e+00
8.285093117739521063e+00 9.565258534553558789e+00
-7.308451040912395058e+00 5.406267983674846178e+00
-4.322541557578543525e+00 -4.022043943694058044e+00
8.494046392119974698e+00 -5.781822303901129168e+00
-8.932119872626685719e+00 7.720661189563349680e+00
-4.493479442354995967e+00 8.921792751086043083e+00
-1.015767455417823317e+00 -3.038096120972471059e+00
7.815803699190086107e+00 1.836507460320988105e+00
1.061501275908672159e+00 5.554896948519433941e+00
-4.499814839178250203e+00 6.718353875514601725e+00
7.617432440970933527e+00 3.658803323170985333e+00
5.199827722088348203e+00 -6.235816877422089455e+00
3.965714472221240960e+00 -8.786359304520653168e+00
-1.650517025635563240e+00 2.618973918134658518e+00
-1.827394273427571658e+00 -4.547243853746983921e-01
5.906515819891153818e+00 3.755583589592331073e+00
-1.004239185266726331e+01 6.522894876352288485e+00
1.090130873768520559e+01 1.360547933092612904e-01
9.472740715907830289e-01 8.630732316148232997e+00
6.736687059024655255e+00 -7.745017877645582693e+00
2.238590539364844645e+00 6.110871734962430857e-02
1.782990387284591360e+00 1.792714559361166415e+00
1.119060175503648047e+01 5.516711340824466347e+00
7.760070734020471761e+00 -5.121085766638158177e+00
-2.991599983423343545e+00 -5.713036048753317164e-01
8.316805370129316088e+00 -7.874449206984404981e+00
9.721670280539077780e+00 -5.874920824716816092e+00
6.911520547634641076e+00 -9.987860656282922633e+00
-2.309861453926361996e+00 -4.241842200460268053e+00
2.411241876774131043e+00 3.201257666937786794e-01
-1.749545838679278820e+00 -3.683276591441379644e+00
9.968573745418003895e+00 -5.934474798192957756e+00
-7.627470048215632126e+00 5.771005050978221362e+00
3.572722686609270948e-01 1.448360177799839388e+00
5.019651584935865607e+00 -4.324509618878762396e+00
-3.145355104778470023e-01 -1.520820474640117492e+00
8.651877158622690800e+00 9.479410982783473827e+00
-7.505952831658744273e+00 -3.275164273379691515e+00
1.669104815392202124e+00 3.402036150847393969e+00
-7.016387998788586877e+00 1.077551736652640813e+01
-1.304158677572835767e+00 3.370225804420619475e+00
-2.507457674944770787e+00 -2.901929327897105337e-01
-8.022545782670924552e+00 3.342665496424334304e+00
-9.595803857638751211e+00 -1.661150830927211608e+00
-5.214402696761104572e+00 -6.358034883362884138e+00
-5.838842372053674623e+00 -4.136014349743180496e+00
-3.716373248954940589e+00 7.309521998287409339e+00
-7.461646378815691705e+00 -2.815588166852460716e+00
-1.537968358220760834e+00 3.712357470767567058e+00
1.041862132842540234e+01 -9.137237064977798084e+00
5.917424918565153291e+00 1.328478801550697863e+00
-4.291118278046361034e+00 6.829807775828824923e+00
6.997763711960058863e+00 2.621992284665528139e+00
-5.688980548043762298e+00 -5.471948037520773411e+00
9.289771401895910330e+00 -7.584637174579141217e+00
2.301140424924503769e+00 -1.879520632467355679e+00
6.460533871474098966e+00 1.025464446619480885e+00
9.133338796298023254e+00 6.508025149513684937e+00
-2.404633544593912653e-01 -8.929959006891847295e+00
-9.391169819882405179e+00 -8.902659986805737447e+00
5.716804870997212795e+00 -3.099961034734414866e+00
9.082025078071117363e+00 6.497439642044526842e-01
7.592278254598677556e+00 1.649540558711050764e+00
-1.398425960553844050e+00 -7.456374356946411375e+00
-9.644909413803659959e+00 -8.733060538100586356e+00
4.408349602886949548e+00 -2.765588323674611271e+00
-8.047367414739150515e-01 -3.164126611012640922e+00
-5.249242025701898129e+00 1.044932273783796273e+00
-5.696637719345505779e+00 5.369202681884676087e-01
7.806993925835515213e+00 6.351513361011629222e+00
6.036606813841157049e+00 2.850252919979332944e+00
-4.856602097208433833e+00 -4.156438618455090328e+00
3.269742219644673042e+00 3.893613030476682280e+00
-2.898470325837104067e+00 -1.678408509244238678e+00
6.757801574218998297e+00 8.759919255273326266e-01
-4.167275502579704805e-01 -7.896813671394071754e+00
