5 4 8 1000 100 0.100253 0.100298 0.098984 0.098959 0.098875 0.099718 0.100916 0.104144 0.102777 0.102787
5 4 8 1500 100 0.190267 0.189047 0.189697 0.195478 0.195697 0.192961 0.200291 0.199248 0.20113 0.199625
5 4 8 2000 100 0.315451 0.318073 0.315129 0.403292 0.387585 0.385686 0.412045 0.340795 0.384623 0.415925
5 4 8 2500 100 0.464817 0.450893 0.464693 0.465181 0.457665 0.439831 0.439343 0.444855 0.442035 0.443594
5 4 8 3000 100 0.639501 0.64215 0.644442 0.648009 0.632684 0.620056 0.611459 0.615661 0.626487 0.647014
5 4 8 3500 100 0.849752 0.861439 0.827218 0.841144 0.832959 0.860569 0.867793 0.865876 0.928364 1.08221
5 4 8 4000 100 1.3935 1.10176 1.11588 1.20524 1.20459 1.13016 1.08423 1.08766 1.12126 1.12432
5 4 8 4500 100 1.37512 1.355 1.39798 1.44861 1.77918 1.60037 2.00773 1.74663 1.76516 1.53975
5 4 8 5000 100 1.8728 1.76657 1.70345 1.68436 1.68889 1.72487 1.76176 1.70766 1.69925 1.69774
5 4 8 5500 100 2.08749 2.13446 2.62726 2.14274 2.27645 2.22728 2.06066 2.15084 2.07495 2.0772
5 4 8 6000 100 2.55876 3.17323 2.55775 2.46737 2.5616 2.49871 2.50972 2.56634 2.4973 2.5606
5 4 8 6500 100 3.72599 3.00734 3.26467 2.93547 3.02947 2.92009 3.04298 2.94607 3.05163 2.91249
5 4 8 7000 100 3.43926 3.82143 3.8333 3.42222 3.39522 3.51378 3.45293 3.82439 3.80663 3.4193
5 4 8 7500 100 4.27206 4.42851 3.88941 4.30412 4.28392 3.93135 4.51541 4.1812 4.22533 4.02938
5 4 8 8000 100 4.50798 4.55656 4.62252 4.55166 5.58068 4.50416 4.95942 4.86983 4.55994 4.52202
5 4 8 8500 100 5.92629 5.52493 5.12751 5.08853 5.16538 5.64669 5.55533 5.24467 5.3971 5.83108
5 4 8 9000 100 6.21345 5.80381 5.92201 5.91438 6.82551 5.94905 6.00715 5.99081 6.03642 5.99561
5 4 8 9500 100 6.73855 6.78536 6.7912 6.77095 6.82883 6.81065 6.79304 7.26396 7.37105 7.08975
