8 5 1 10000 100 3.21279 3.43607 3.67338
8 5 1 11000 100 4.43798 4.44809 4.45375
8 5 1 10000 100 3.03362 3.58236 4.44061
8 5 1 11000 100 4.47933 4.48866 4.72092
8 5 1 12000 100 5.41791 5.47563 5.58634
8 5 1 10000 100 3.10959
8 5 1 10000 100 3.06743
8 5 1 11000 100 4.10211
8 5 1 12000 100 4.97016
8 5 1 10000 100 2.99707
8 5 1 11000 100 4.62171
8 5 1 12000 100 5.09951
8 5 1 13000 100 6.6552
8 5 1 14000 100 7.16293
8 5 1 15000 100 8.28186
8 5 1 16000 100 10.8441
8 5 1 17000 100 11.3189
8 5 1 10000 100 3.20266
8 5 1 11000 100 4.06637
8 5 1 12000 100 5.07516
8 5 1 13000 100 6.28915
8 5 1 14000 100 7.09981
8 5 1 15000 100 9.40437
8 5 1 16000 100 9.41493
8 5 1 17000 100 10.9057
8 5 1 10000 100 3.11
8 5 1 11000 100 4.07608
8 5 1 12000 100 5.26592
8 5 1 13000 100 6.10933
8 5 1 14000 100 7.17351
8 5 1 15000 100 8.41779
8 5 1 16000 100 9.72048
8 5 1 17000 100 10.6118
8 5 1 10000 100 3.22313
8 5 1 11000 100 4.29276
8 5 1 12000 100 6.17979
8 5 1 13000 100 6.16724
8 5 1 14000 100 7.18077
8 5 1 15000 100 9.2032
