9 4 1 1000 100 0.071755 0.066018 0.064389 0.069595 0.074125 0.068731 0.069266 0.068413 0.072294 0.068737
9 4 1 1500 100 0.131769 0.136538 0.134685 0.137941 0.142841 0.142402 0.142541 0.140352 0.141677 0.143216
9 4 1 2000 100 0.232716 0.228876 0.229969 0.235078 0.229276 0.236171 0.300126 0.26973 0.302526 0.241413
9 4 1 2500 100 0.428676 0.469686 0.358142 0.359236 0.357008 0.364914 0.35513 0.36739 0.351278 0.394889
9 4 1 3000 100 0.547764 0.56106 0.557184 0.501647 0.485306 0.534941 0.493685 0.479644 0.511719 0.501149
9 4 1 3500 100 0.668734 0.667188 0.747217 0.834929 0.875033 0.853264 0.668101 0.668983 0.678347 0.720398
9 4 1 4000 100 0.984948 0.962574 0.81993 0.845688 0.839473 0.854158 0.869475 0.863483 1.02979 1.11266
9 4 1 4500 100 1.29138 1.11521 1.09352 1.20644 1.22557 1.07344 1.10163 1.07414 1.11221 1.12028
9 4 1 5000 100 1.75003 1.72898 1.38926 1.41597 1.51146 1.46207 1.36172 1.3466 1.38742 1.54262
9 4 1 5500 100 2.14324 1.90947 1.80887 1.68765 1.92494 1.81957 1.68259 1.82973 1.86965 1.63853
9 4 1 6000 100 2.09451 2.03309 1.97855 2.06604 2.27029 2.62824 2.10427 2.26128 2.11949 2.04011
9 4 1 6500 100 2.38984 3.04319 2.39642 2.74262 2.48751 2.42087 2.3775 2.50888 2.91325 2.45588
9 4 1 7000 100 3.12773 2.69254 2.8535 3.59022 2.91705 3.10099 2.80241 2.75449 2.94044 3.61677
9 4 1 7500 100 3.41405 3.19591 3.21322 3.17482 3.24738 3.10704 3.26262 4.09444 3.48063 3.21257
9 4 1 8000 100 3.71933 3.64273 4.11378 4.23477 3.54823 4.04057 4.40119 3.57856 4.00402 4.20598
9 4 1 8500 100 4.06171 4.21123 4.05977 4.51093 4.72246 3.98111 4.12082 4.24914 4.05076 4.09806
9 4 1 9000 100 5.17365 5.07923 4.72689 4.47581 4.66425 4.70823 4.64688 4.88904 4.80929 4.80857
9 4 1 9500 100 5.18337 5.33908 5.37828 5.44063 5.48297 5.18413 5.28193 5.32087 5.36138 5.3668
9 4 1 10000 2 2.68102 1.78198 2.06048
