0.14771413803100586 1.0 0.05111217498779297 1.0 0.05028724670410156 1.0 
0.11808490753173828 1.0 0.11680841445922852 1.0 0.11771440505981445 1.0 
0.21272778511047363 1.0 0.21103143692016602 1.0 0.21357083320617676 1.0 
0.33783555030822754 1.0 0.34434008598327637 1.0 0.34371376037597656 1.0 
0.5004589557647705 1.0 0.5075104236602783 1.0 0.5211696624755859 1.0 
0.7122354507446289 1.0 0.7129926681518555 1.0 0.718259334564209 1.0 
0.918858528137207 1.0 0.9202675819396973 1.0 0.9218199253082275 1.0 
1.1972219944000244 1.0 1.206242561340332 1.0 1.2089064121246338 1.0 
1.4941825866699219 1.0 1.508296251296997 1.0 1.5164799690246582 1.0 
1.8234949111938477 1.0 1.8082733154296875 1.0 1.84116792678833 1.0 
2.183692455291748 1.0 2.1451098918914795 1.0 2.180570363998413 1.0 
2.6345067024230957 1.0 2.5331573486328125 1.0 2.6171534061431885 1.0 
3.3063392639160156 1.0 3.5263924598693848 1.0 3.229217290878296 1.0 
3.5673909187316895 1.0 3.5211102962493896 1.0 4.062321186065674 1.0 
4.226300001144409 1.0 4.372590065002441 1.0 3.959730386734009 1.0 
4.603514194488525 1.0 4.505309343338013 1.0 4.630311489105225 1.0 
5.212071895599365 1.0 6.050462484359741 1.0 5.516145467758179 1.0 
5.727896213531494 1.0 5.910383224487305 1.0 5.831482887268066 1.0 
